CustomerID,Recency,Frequency,Monetary,Cluster_Raw,Cluster,R_scaled,F_scaled,M_scaled
12346,530,11,372.86,3,Gold,0.6472833319553631,0.8769514395748774,-0.2231948321942339
12347,3,8,3309.37,1,Platinum,-1.2252659960740826,0.6473133678195304,0.9649259792627478
12348,249,2,118.19999999999999,0,Bronze,0.3587279863928917,-0.22963807175534695,-0.8459168480052165
12349,19,3,2685.44,2,Silver,-0.6087636294902878,0.0,0.8511532501012207
12350,311,1,274.0,0,Bronze,0.44359074044238017,-0.5532947556651122,-0.39050120730698973
12351,376,1,225.18,0,Bronze,0.5160807319685239,-0.5532947556651122,-0.4969722395746941
12352,37,9,1503.49,1,Platinum,-0.36289863726587396,0.7314158822675506,0.5353122174607569
12353,205,2,347.06,0,Bronze,0.28457448533777435,-0.22963807175534695,-0.2621498794284469
12354,233,1,668.5500000000001,3,Gold,0.33339284021892834,-0.5532947556651122,0.09425956733476903
12355,215,2,495.31,3,Gold,0.3027321242464316,-0.22963807175534695,-0.06884920670572842
12356,246,5,1429.74,3,Gold,0.35410353033640096,0.32365668390976515,0.5079305804486637
12357,34,2,4872.6900000000005,3,Gold,-0.3944003073798616,-0.22963807175534695,1.1756407123977113
12358,2,5,1247.22,2,Silver,-1.3354638962975345,0.32365668390976515,0.43358320108287696
12359,58,10,5565.28,1,Platinum,-0.19437333673537285,0.8074958608438627,1.2480281834019928
12360,53,6,2806.4900000000002,1,Platinum,-0.2282941103223884,0.44670524433488773,0.8751636875158482
12361,288,4,451.25,3,Gold,0.4142577708862354,0.17812112660243817,-0.11949465509738172
12362,4,10,4260.92,1,Platinum,-1.1397898640591078,0.8074958608438627,1.102569018557083
12363,110,2,194.28,0,Bronze,0.047714306158368955,-0.22963807175534695,-0.576998071598377
12364,8,3,682.38,2,Silver,-0.9146355619521664,0.0,0.10539764102426061
12365,292,1,307.94,0,Bronze,0.41952320716253433,-0.5532947556651122,-0.32710234239259434
12367,5,1,117.3,2,Silver,-1.0699507790131246,-0.5532947556651122,-0.8500456977662803
12368,629,1,318.3,0,Bronze,0.7127694785952846,-0.5532947556651122,-0.3091334359112352
12369,414,3,964.0500000000001,3,Gold,0.5528667281688463,0.0,0.2934156119718366
12370,52,7,2635.42,1,Platinum,-0.23545421519469298,0.5532947556651121,0.8409142031625504
12371,60,4,2984.25,3,Gold,-0.18160367235153863,0.17812112660243817,0.9086089407099
12372,72,3,598.8000000000001,3,Gold,-0.11281261657107146,0.0,0.03432896930363241
12373,312,3,880.85,3,Gold,0.44481651575268666,0.0,0.24429971382894963
12374,26,3,1522.18,2,Silver,-0.4938072276067984,0.0,0.5420381791036386
12375,11,2,315.1,2,Silver,-0.8044376617287146,-0.22963807175534695,-0.3146206833628452
12376,418,1,112.55,0,Bronze,0.5565411396297061,-0.5532947556651122,-0.8723708993448385
12377,316,4,2247.4,3,Gold,0.4496807647051427,0.17812112660243817,0.7541841551151909
12378,130,2,4294.97,3,Gold,0.11117383567517708,-0.22963807175534695,1.1069041354660167
12379,82,4,1325.22,3,Gold,-0.06363563841494821,0.17812112660243817,0.466604402875034
12380,22,8,4894.83,1,Platinum,-0.555227194461042,0.6473133678195304,1.1781098951780813
12381,5,5,1222.1200000000001,2,Silver,-1.0699507790131246,0.32365668390976515,0.4225168546308201
12383,185,5,915.78,3,Gold,0.2454533269966171,0.32365668390976515,0.26546184809722917
12384,29,2,368.72,2,Silver,-0.4534484124293297,-0.22963807175534695,-0.22926115106015774
12385,380,1,1337.3,3,Gold,0.5201235606051635,-0.5532947556651122,0.47154408532846115
12386,367,1,155.70000000000002,0,Bronze,0.506825274676598,-0.5532947556651122,-0.6969040043915096
12387,416,1,79.8,0,Bronze,0.5547083396853054,-0.5532947556651122,-1.0577398761619186
12388,16,8,2683.9100000000003,1,Platinum,-0.6710172298783336,0.6473133678195304,0.8508428969951043
12389,403,3,967.3299999999999,3,Gold,0.5425764902501999,0.0,0.2952640510633676
12390,80,1,313.3,0,Bronze,-0.07297889326143023,-0.5532947556651122,-0.31773172330352983
12391,22,5,1983.43,1,Platinum,-0.555227194461042,0.32365668390976515,0.6861486198985448
12392,592,1,55.35,0,Bronze,0.6895849465177739,-0.5532947556651122,-1.2540743378390085
12393,73,6,1796.1000000000001,3,Gold,-0.10760091090258887,0.44670524433488773,0.6321299950426611
12394,218,1,331.18,0,Bronze,0.3080157177742967,-0.5532947556651122,-0.2875897764962893
12395,20,15,2755.57,1,Platinum,-0.5900743396182883,1.1065895113302244,0.8651922718378265
12396,675,1,884.98,3,Gold,0.7397645736992869,-0.5532947556651122,0.24684512794402166
12397,36,2,1678.03,2,Silver,-0.37311402818699907,-0.22963807175534695,0.5951080905710039
12398,46,1,830.32,2,Silver,-0.281476029400742,-0.5532947556651122,0.21215401066396233
12399,120,7,998.4,3,Gold,0.08075671555037933,0.5532947556651121,0.3124692598991285
12400,415,1,184.85,0,Bronze,0.553788640665832,-0.5532947556651122,-0.6039615122344758
12401,304,1,32.85,0,Bronze,0.43489869423225624,-0.5532947556651122,-1.5317158360120977
12402,324,6,1124.15,3,Gold,0.45922778741137177,0.44670524433488773,0.37703424794705453
12403,50,2,160.4,2,Silver,-0.2501888955329656,-0.22963807175534695,-0.6808044483213187
12405,149,1,1186.8700000000001,3,Gold,0.163053954154465,-0.5532947556651122,0.4065858645938775
12406,23,5,2977.75,1,Platinum,-0.5389245444443046,0.32365668390976515,0.9074214670098889
12407,50,5,810.51,3,Gold,-0.2501888955329656,0.32365668390976515,0.1990150501483192
12408,33,8,2522.31,1,Platinum,-0.4055041125939236,0.6473133678195304,0.8170255472659915
12409,79,6,3006.31,3,Gold,-0.07773739492146804,0.44670524433488773,0.9126198531820479
12410,309,3,658.45,3,Gold,0.4411273592350438,0.0,0.08597913791131258
12411,410,1,287.2,0,Bronze,0.5491567286340684,-0.5532947556651122,-0.3649601464663009
12412,75,6,1436.89,3,Gold,-0.09738551998146396,0.44670524433488773,0.5106462724373129
12413,67,4,711.85,3,Gold,-0.1399909953095136,0.17812112660243817,0.12839806181758406
12414,218,3,264.45,0,Bronze,0.3080157177742967,0.0,-0.4097561027435762
12415,25,12,4177.87,1,Platinum,-0.5082638284718078,0.9408443783721279,1.0918484291713704
12416,657,1,202.56,0,Bronze,0.7294266445629143,-0.5532947556651122,-0.554375491301324
12417,4,20,4181.26,1,Platinum,-1.1397898640591078,1.3236566839097652,1.0922901855732259
12418,113,4,1807.08,3,Gold,0.05792969707949422,0.17812112660243817,0.6354483652508961
12419,386,2,269.75,0,Bronze,0.5261089082793118,-0.22963807175534695,-0.3989862116894961
12420,64,1,373.82,2,Silver,-0.1572745791724231,-0.5532947556651122,-0.22179774553602777
12421,16,6,717.94,2,Silver,-0.6710172298783336,0.44670524433488773,0.13303241035346075
12422,96,12,2347.55,1,Platinum,-0.003928798108388237,0.9408443783721279,0.7779251002558202
12423,1,10,1860.81,1,Platinum,-1.4907791133584927,0.8074958608438627,0.6514013861054837
12424,163,4,965.09,3,Gold,0.19723433768540444,0.17812112660243817,0.29400238173704857
12425,79,2,1267.83,3,Gold,-0.07773739492146804,-0.22963807175534695,0.442504826009797
12426,195,2,1171.68,3,Gold,0.2655131172844096,-0.22963807175534695,0.39957456265093577
12427,22,3,596.36,2,Silver,-0.555227194461042,0.0,0.03210828748944533
12428,26,7,4792.49,1,Platinum,-0.4938072276067984,0.5532947556651121,1.1666014575070967
12429,10,8,2731.39,1,Platinum,-0.8377677575462616,0.6473133678195304,0.8603925381004393
12430,44,1,158.52,0,Bronze,-0.2981331953683717,-0.5532947556651122,-0.6871872909922309
12431,36,24,6981.37,1,Platinum,-0.37311402818699907,1.4628317645351008,1.3715079333056168
12432,43,4,2327.78,3,Gold,-0.3067415229774418,0.17812112660243817,0.773319785162675
12433,1,10,6952.26,1,Platinum,-1.4907791133584927,0.8074958608438627,1.3692319748205
12434,85,3,1043.58,3,Gold,-0.05003464312701457,0.0,0.3365565772905964
12435,268,4,814.3,3,Gold,0.3867869022832951,0.17812112660243817,0.20155339876733822
12436,100,1,363.01,0,Bronze,0.011550255681379957,-0.5532947556651122,-0.23774038671195005
12437,2,37,6562.1,1,Platinum,-1.3354638962975345,1.7970612599687639,1.337772478556473
12438,15,2,1599.78,2,Silver,-0.6942397615052628,-0.22963807175534695,0.5691085192073573
12439,683,2,1051.18,3,Gold,0.744271148709272,-0.22963807175534695,0.34050582956699915
12440,463,2,699.4,3,Gold,0.595617916219479,-0.22963807175534695,0.11879942193461537
12441,367,1,124.05000000000001,0,Bronze,0.506825274676598,-0.5532947556651122,-0.8198161294458799
12442,4,1,75.48,2,Silver,-1.1397898640591078,-0.5532947556651122,-1.0876740725273857
12443,733,1,228.23000000000002,0,Bronze,0.7712960662631781,-0.5532947556651122,-0.48967511306193345
12444,22,5,2993.56,1,Platinum,-0.555227194461042,0.32365668390976515,0.9103052723109999
12445,23,2,318.98,2,Silver,-0.5389245444443046,-0.22963807175534695,-0.3079744822688255
12446,58,1,817.86,2,Silver,-0.19437333673537285,-0.5532947556651122,0.2039269806315199
12447,244,1,411.59000000000003,0,Bronze,0.35098924929938485,-0.5532947556651122,-0.16949462720913971
12448,45,1,242.60999999999999,2,Silver,-0.28971407717663195,-0.5532947556651122,-0.4565294487014872
12449,23,4,3451.02,1,Platinum,-0.5389245444443046,0.17812112660243817,0.9877518840267061
12450,174,4,506.22,3,Gold,0.22210205920393347,0.17812112660243817,-0.057003537315706294
12451,11,8,6866.2300000000005,1,Platinum,-0.8044376617287146,0.6473133678195304,1.3624496248259115
12452,17,1,320.57,2,Silver,-0.6491224446677566,-0.5532947556651122,-0.30527415992441026
12453,135,1,614.09,3,Gold,0.1255221219748964,-0.5532947556651122,0.04804225631284928
12454,57,1,164.2,0,Bronze,-0.200921435633751,-0.5532947556651122,-0.6681269044933156
12455,74,9,2941.81,1,Platinum,-0.10245916312994499,0.7314158822675506,0.9008085149041387
12456,45,3,1539.88,3,Gold,-0.28971407717663195,0.0,0.5483322109751146
12457,87,3,1298.03,3,Gold,-0.04122840569303163,0.0,0.4553193869588474
12458,72,4,1116.06,3,Gold,-0.11281261657107146,0.17812112660243817,0.373103074308041
12459,606,1,253.35,0,Bronze,0.6985232894123563,-0.5532947556651122,-0.43302634136011425
12460,457,1,205.45000000000002,0,Bronze,0.5906323214468823,-0.5532947556651122,-0.5466955360064596
12461,155,1,622.32,3,Gold,0.17807762315797018,-0.5532947556651122,0.05528311187519402
12462,19,2,689.9,2,Silver,-0.6087636294902878,-0.22963807175534695,0.11135968335089327
12463,54,4,1109.78,3,Gold,-0.22126539096246675,0.17812112660243817,0.3700317554759482
12464,11,7,212.5,2,Silver,-0.8044376617287146,0.5532947556651121,-0.528402725273704
12465,18,2,581.89,2,Silver,-0.628411754550284,-0.22963807175534695,0.018749581580508472
12467,424,1,101.3,0,Bronze,0.5619875032892562,-0.5532947556651122,-0.9292093570204747
12468,188,5,1916.13,3,Gold,0.2515823290724479,0.32365668390976515,0.6673525106878999
12469,523,1,931.3000000000001,3,Gold,0.6422000702439971,-0.5532947556651122,0.2746070715284069
12470,690,1,183.25,0,Bronze,0.7481713732449965,-0.5532947556651122,-0.6086718462989865
12471,3,69,17667.86,1,Platinum,-1.2252659960740826,2.2847106379326627,1.8772865108261985
12472,33,19,11209.95,1,Platinum,-0.4055041125939236,1.2847106379326625,1.6294608593778948
12473,54,3,1907.48,3,Gold,-0.22126539096246675,0.0,0.6648889443602322
12474,18,29,9126.380000000001,1,Platinum,-0.628411754550284,1.608367321842428,1.5174481804037432
12475,54,2,844.64,2,Silver,-0.22126539096246675,-0.22963807175534695,0.2214582093656191
12476,16,16,8337.06,1,Platinum,-0.6710172298783336,1.1549822427096075,1.4681742034543297
12477,23,9,12807.99,1,Platinum,-0.5389245444443046,0.7314158822675506,1.7020557114296735
12478,4,1,545.99,2,Silver,-1.1397898640591078,-0.5532947556651122,-0.01588073352851808
12479,12,1,383.59,2,Silver,-0.7737769457562178,-0.5532947556651122,-0.2077796078806268
12480,29,7,3333.36,1,Platinum,-0.4534484124293297,0.5532947556651121,0.9688596943568667
12481,23,14,4581.59,1,Platinum,-0.5389245444443046,1.0550725661773155,1.1420895763845935
12482,601,3,183.60000000000002,0,Bronze,0.6953549135522317,0.0,-0.6076379749675406
12483,18,16,2230.9,1,Platinum,-0.628411754550284,1.1549822427096075,0.7501715454184931
12484,36,9,4350.85,1,Platinum,-0.37311402818699907,0.7314158822675506,1.1139446420111092
12485,530,1,555.9,0,Bronze,0.6472833319553631,-0.5532947556651122,-0.006099184668167755
12486,432,1,710.1,3,Gold,0.5691309169718763,-0.5532947556651122,0.12705902772881358
12488,10,3,870.08,2,Silver,-0.8377677575462616,0.0,0.23760542108536795
12489,337,1,197.25,0,Bronze,0.4742514564148769,-0.5532947556651122,-0.5687749832669801
12490,6,20,7093.68,1,Platinum,-1.0109026739636562,1.3236566839097652,1.380200821518869
12491,39,1,335.15000000000003,2,Silver,-0.3432505122058779,-0.5532947556651122,-0.2811175640437841
12492,64,3,496.06,2,Silver,-0.1572745791724231,0.0,-0.06802658832024183
12493,166,2,332.91,0,Bronze,0.20417811315816187,-0.22963807175534695,-0.28475993394959065
12494,16,9,1276.15,1,Platinum,-0.6710172298783336,0.7314158822675506,0.4460653834014734
12495,641,1,277.4,0,Bronze,0.719997135616181,-0.5532947556651122,-0.3838070897840913
12496,621,2,45.34,0,Bronze,0.7078741473365078,-0.22963807175534695,-1.3606198771064177
12498,22,3,349.70000000000005,2,Silver,-0.555227194461042,0.0,-0.25803339892321714
12499,561,1,304.08,0,Bronze,0.6690177762437174,-0.5532947556651122,-0.33395183836071246
12500,50,14,1379.42,1,Platinum,-0.2501888955329656,1.0550725661773155,0.48842541831398684
12501,337,1,1592.3,3,Gold,0.4742514564148769,-0.5532947556651122,0.5665569655347951
12502,96,5,2002.72,3,Gold,-0.003928798108388237,0.32365668390976515,0.6914186395656958
12504,31,2,216.6,2,Silver,-0.42872664422085277,-0.22963807175534695,-0.5180401658419337
12505,409,1,653.6,3,Gold,0.5482235869847893,-0.5532947556651122,0.08195771335084424
12506,233,1,73.5,0,Bronze,0.33339284021892834,-0.5532947556651122,-1.1019636298322102
12507,135,4,516.0,3,Gold,0.1255221219748964,0.17812112660243817,-0.04659938004246714
12508,27,2,397.88,2,Silver,-0.47987643939483643,-0.22963807175534695,-0.18790465399118578
12509,285,1,158.5,0,Bronze,0.41026064462483297,-0.5532947556651122,-0.6872555972026162
12510,143,7,2212.11,3,Gold,0.14741690718547343,0.5532947556651121,0.7455657490765079
12511,429,1,2427.25,3,Gold,0.5664677234567803,-0.5532947556651122,0.7961057614684146
12512,67,2,121.68,0,Bronze,-0.1399909953095136,-0.22963807175534695,-0.8302400501591731
12513,113,1,404.84,0,Bronze,0.05792969707949422,-0.5532947556651122,-0.178480912161108
12514,268,2,1357.06,3,Gold,0.3867869022832951,-0.22963807175534695,0.47952890192283065
12515,354,1,181.4,0,Bronze,0.4930486641514013,-0.5532947556651122,-0.6141694297509567
12516,78,4,788.88,3,Gold,-0.08255575351694985,0.17812112660243817,0.1842975541618868
12517,29,4,2291.65,3,Gold,-0.4534484124293297,0.17812112660243817,0.7648015713590887
12518,1,5,1519.39,2,Silver,-1.4907791133584927,0.32365668390976515,0.5410394007160646
12519,64,2,583.82,2,Silver,-0.1572745791724231,-0.22963807175534695,0.020550403677134912
12520,80,5,1913.3600000000001,3,Gold,-0.07297889326143023,0.32365668390976515,0.6665648117602776
12521,143,1,530.73,0,Bronze,0.14741690718547343,-0.5532947556651122,-0.031295000677681026
12522,40,2,133.76,2,Silver,-0.33379189688341554,-0.22963807175534695,-0.7790768072216814
12523,20,23,3090.14,1,Platinum,-0.5900743396182883,1.4302461952399896,0.9275979095603339
12524,10,11,2013.1,1,Platinum,-0.8377677575462616,0.8769514395748774,0.6942334940546764
12525,499,3,783.0,3,Gold,0.6242411036773017,0.0,0.18022697845956046
12526,1,3,1091.92,2,Silver,-1.4907791133584927,0.0,0.36120122898431456
12527,82,5,364.23,3,Gold,-0.06363563841494821,0.32365668390976515,-0.23591759158298273
12528,10,6,1059.63,2,Silver,-0.8377677575462616,0.44670524433488773,0.3448634227884271
12529,529,1,252.48000000000002,0,Bronze,0.6465612686735117,-0.5532947556651122,-0.4348929334892363
12530,60,9,2188.37,1,Platinum,-0.18160367235153863,0.7314158822675506,0.7396903734354172
12531,15,2,1519.6,2,Silver,-0.6942397615052628,-0.22963807175534695,0.5411146413436408
12532,31,1,304.47,2,Silver,-0.42872664422085277,-0.5532947556651122,-0.3332558667312632
12533,628,2,905.2900000000001,3,Gold,0.71216097257757,-0.22963807175534695,0.2591924616218967
12534,131,1,759.13,3,Gold,0.11408681136792621,-0.5532947556651122,0.16338274462530464
12535,92,2,624.35,3,Gold,-0.020059790287792888,-0.22963807175534695,0.057054431151108746
12536,60,1,3191.59,3,Gold,-0.18160367235153863,-0.5532947556651122,0.94519011870605
12537,409,1,562.4300000000001,0,Bronze,0.5482235869847893,-0.5532947556651122,0.0002514954755712572
12538,30,2,443.79,2,Silver,-0.44088812463316107,-0.22963807175534695,-0.12855584299875036
12539,23,7,7938.900000000001,1,Platinum,-0.5389245444443046,0.5532947556651121,1.4415183623313954
12540,20,31,10556.710000000001,1,Platinum,-0.5900743396182883,1.6598842669953369,1.596755449902296
12541,30,3,560.8199999999999,2,Silver,-0.44088812463316107,0.0,-0.0013074296497990977
12542,485,2,251.07,0,Bronze,0.6133625583683476,-0.22963807175534695,-0.437931748268466
12543,449,1,514.0,0,Bronze,0.5838822884998331,-0.5532947556651122,-0.048710918268186444
12544,37,1,316.7,2,Silver,-0.36289863726587396,-0.5532947556651122,-0.31187015089212644
12545,76,2,588.2,2,Silver,-0.09237820086701533,-0.22963807175534695,0.024615293099720714
12546,47,2,986.08,2,Silver,-0.2734114271598946,-0.22963807175534695,0.30571185122233263
12547,281,2,141.9,0,Bronze,0.4048654222290361,-0.22963807175534695,-0.7471258659908694
12548,167,1,67.19999999999999,0,Bronze,0.20646501223494154,-0.5532947556651122,-1.1500970898255114
12549,576,5,386.72,3,Gold,0.6791075902428337,0.32365668390976515,-0.20336387124675365
12550,80,1,739.7,2,Silver,-0.07297889326143023,-0.5532947556651122,0.14927642665265803
12551,358,1,168.0,0,Bronze,0.4973406357488674,-0.5532947556651122,-0.6557376842294583
12552,40,1,221.47,2,Silver,-0.33379189688341554,-0.5532947556651122,-0.5059822282023294
12553,9,12,3463.75,1,Platinum,-0.8742767467746977,0.9408443783721279,0.989757157761233
12554,449,1,313.54,0,Bronze,0.5838822884998331,-0.5532947556651122,-0.31731589005628263
12556,51,2,543.33,2,Silver,-0.24275071118739783,-0.22963807175534695,-0.018536430316051098
12558,8,1,94.76,2,Silver,-0.9146355619521664,-0.5532947556651122,-0.9651997838339751
12559,320,1,290.45,0,Bronze,0.45448401833177093,-0.5532947556651122,-0.3588511457276082
12560,6,2,1658.1200000000001,2,Silver,-1.0109026739636562,-0.22963807175534695,0.5886095076026149
12561,303,1,196.85,0,Bronze,0.43364071458735604,-0.5532947556651122,-0.5698752637323158
12562,9,9,3455.1,1,Platinum,-0.8742767467746977,0.7314158822675506,0.9883953838714428
12563,409,1,221.24,0,Bronze,0.5482235869847893,-0.5532947556651122,-0.5065457349038696
12564,262,1,352.05,0,Bronze,0.37814620980093494,-0.5532947556651122,-0.25439509332616383
12565,289,1,145.92000000000002,0,Bronze,0.41558093095004384,-0.5532947556651122,-0.7320120663251215
12566,87,1,147.15,0,Bronze,-0.04122840569303163,-0.5532947556651122,-0.7274702384004399
12567,23,15,8726.01,1,Platinum,-0.5389245444443046,1.1065895113302244,1.4930117690716571
12568,645,1,20.2,0,Bronze,0.722376363498695,-0.5532947556651122,-1.7866372129054418
12569,3,30,2474.89,1,Platinum,-1.2252659960740826,1.6345413257422818,0.8066902691049799
12571,40,2,330.97,2,Silver,-0.33379189688341554,-0.22963807175534695,-0.2879342860247318
12572,9,2,704.1700000000001,2,Silver,-0.8742767467746977,-0.22963807175534695,0.12249698570656739
12573,228,5,615.96,3,Gold,0.3251192041624723,0.32365668390976515,0.04969597530036676
12574,316,1,162.55,0,Bronze,0.4496807647051427,-0.5532947556651122,-0.6735954261371817
12575,458,2,525.47,3,Gold,0.5914677731577705,-0.22963807175534695,-0.03671088861688011
12576,36,8,1829.29,1,Platinum,-0.37311402818699907,0.6473133678195304,0.6420994915824462
12577,36,8,1467.16,1,Platinum,-0.37311402818699907,0.6473133678195304,0.5219956789517199
12578,22,4,3069.26,1,Platinum,-0.555227194461042,0.17812112660243817,0.9239055765881913
12579,79,1,318.92,0,Bronze,-0.07773739492146804,-0.5532947556651122,-0.3080766437656491
12580,247,2,936.2,3,Gold,0.3556512272200689,-0.22963807175534695,0.2774628184080934
12581,40,1,159.26,0,Bronze,-0.33379189688341554,-0.5532947556651122,-0.6846659632484227
12582,239,4,1405.79,3,Gold,0.3430909394239001,0.17812112660243817,0.4987340613875137
12583,3,27,6562.07,1,Platinum,-1.2252659960740826,1.553294755665112,1.3377699883730598
12584,4,8,1771.1000000000001,1,Platinum,-1.1397898640591078,0.6473133678195304,0.624498241574071
12585,235,2,1129.85,3,Gold,0.33665289783344715,-0.22963807175534695,0.37978711216233374
12586,18,4,1455.66,2,Silver,-0.628411754550284,0.17812112660243817,0.5177116831112181
12587,8,1,104.0,2,Silver,-0.9146355619521664,-0.5532947556651122,-0.9150175686035144
12588,40,3,432.05,2,Silver,-0.33379189688341554,0.0,-0.14312809693978673
12589,29,6,2227.61,1,Platinum,-0.4534484124293297,0.44670524433488773,0.7493679090818738
12590,212,1,429.3,0,Bronze,0.2973746319129746,-0.5532947556651122,-0.14659862352175435
12591,318,3,847.65,3,Gold,0.45208992017847993,0.0,0.2233938615002263
12592,93,4,756.44,3,Gold,-0.015962912116332044,0.17812112660243817,0.16145143409650767
12593,109,3,382.1,3,Gold,0.04424772632194325,0.0,-0.20989430919959115
12594,47,12,3736.6400000000003,1,Platinum,-0.2734114271598946,0.9408443783721279,1.0310587734588346
12595,505,1,157.32,0,Bronze,0.628810395920009,-0.5532947556651122,-0.6913008986088958
12596,52,2,226.19,2,Silver,-0.23545421519469298,-0.22963807175534695,-0.49454497331421254
12597,20,4,2438.43,1,Platinum,-0.5900743396182883,0.17812112660243817,0.7986082301617321
12598,10,10,2960.59,1,Platinum,-0.8377677575462616,0.8074958608438627,0.9042740427022725
12599,30,13,1002.1,1,Platinum,-0.44088812463316107,0.9999999999999998,0.31448241761258916
12600,29,20,3821.38,1,Platinum,-0.4534484124293297,1.3236566839097652,1.0432720393055273
12601,190,6,367.01,3,Gold,0.2556145184896223,0.44670524433488773,-0.23178665208772217
12602,59,1,129.22,0,Bronze,-0.18793529514491986,-0.5532947556651122,-0.7977463363449437
12603,22,1,0.0,0,Bronze,-0.555227194461042,-0.5532947556651122,-3.4503843110276082
12604,80,2,150.98,0,Bronze,-0.07297889326143023,-0.22963807175534695,-0.7135655568243716
12605,377,3,902.02,3,Gold,0.5170954463568579,0.0,0.25722329100004493
12607,61,1,1215.46,2,Silver,-0.17537500734875106,-0.5532947556651122,0.4195423931467299
12608,405,1,159.95000000000002,0,Bronze,0.5444681210454952,-0.5532947556651122,-0.6823254623765143
12609,79,9,2658.77,1,Platinum,-0.07773739492146804,0.7314158822675506,0.845717885140926
12610,23,4,1178.14,2,Silver,-0.5389245444443046,0.17812112660243817,0.4025673622487754
12611,53,1,902.0600000000001,2,Silver,-0.2282941103223884,-0.5532947556651122,0.2572474217663592
12612,75,1,558.0,2,Silver,-0.09738551998146396,-0.5532947556651122,-0.004048765582262033
12613,58,9,5202.2300000000005,1,Platinum,-0.19437333673537285,0.7314158822675506,1.211284456996877
12614,278,1,265.85,0,Bronze,0.40076854405757495,-0.5532947556651122,-0.40689046903735737
12615,3,8,3887.9100000000003,1,Platinum,-1.2252659960740826,0.6473133678195304,1.0526725050098749
12616,96,3,872.5,3,Gold,-0.003928798108388237,0.0,0.2391167982669364
12617,30,1,333.08,2,Silver,-0.44088812463316107,-0.5532947556651122,-0.28448264850329463
12618,22,1,116.31,2,Silver,-0.555227194461042,-0.5532947556651122,-0.8546238701061983
12619,17,9,665.89,2,Silver,-0.6491224446677566,0.7314158822675506,0.09209096035961735
12620,15,3,1003.1800000000001,2,Silver,-0.6942397615052628,0.0,0.3150686420869077
12621,2,34,10858.31,1,Platinum,-1.3354638962975345,1.7314158822675505,1.612099821651414
12622,233,1,123.85,0,Bronze,0.33339284021892834,-0.5532947556651122,-0.8206881203166689
12623,277,7,2613.62,3,Gold,0.39939312262434723,0.5532947556651121,0.8363908367591674
12624,107,2,499.98,3,Gold,0.0372190069620216,-0.22963807175534695,-0.06374713337259386
12625,212,4,2028.46,3,Gold,0.2973746319129746,0.17812112660243817,0.6983723233913413
12626,24,9,4348.93,1,Platinum,-0.523287497475313,0.7314158822675506,1.1137042382585467
12627,11,6,3570.66,1,Platinum,-0.8044376617287146,0.44670524433488773,1.0063129024712643
12628,5,3,581.96,2,Silver,-1.0699507790131246,0.0,0.018815000515467584
12629,386,2,315.2,0,Bronze,0.5261089082793118,-0.22963807175534695,-0.31444836763146583
12630,10,2,875.5,2,Silver,-0.8377677575462616,-0.22963807175534695,0.24098460414307138
12631,58,6,2956.9700000000003,1,Platinum,-0.19437333673537285,0.44670524433488773,0.9036077465524887
12632,521,2,376.06,0,Bronze,0.6407352330569853,-0.22963807175534695,-0.21855174283878287
12633,59,7,4147.89,1,Platinum,-0.18793529514491986,0.5532947556651121,1.0879260153555124
12634,549,1,130.8,0,Bronze,0.6607500929057378,-0.5532947556651122,-0.7911761753058983
12635,90,4,2313.02,3,Gold,-0.028387389076971702,0.17812112660243817,0.7698559600962047
12637,68,12,7153.03,1,Platinum,-0.13439886011567378,0.9408443783721279,1.3847391486071619
12638,34,2,445.15,2,Silver,-0.3944003073798616,-0.22963807175534695,-0.12689266437717478
12639,239,3,857.2900000000001,3,Gold,0.3430909394239001,0.0,0.22954720984450244
12640,25,2,750.17,2,Silver,-0.5082638284718078,-0.22963807175534695,0.15692307180608459
12641,116,1,132.7,0,Bronze,0.06787972293451836,-0.5532947556651122,-0.7833788689961011
12642,26,3,455.25,2,Silver,-0.4938072276067984,0.0,-0.11469747556671354
12643,221,1,2.0,0,Bronze,0.31322742344277893,-0.5532947556651122,-2.851886504871338
12644,130,4,1594.47,3,Gold,0.11117383567517708,0.17812112660243817,0.5672984203863835
12645,34,8,2386.82,1,Platinum,-0.3944003073798616,0.6473133678195304,0.7869589598715795
12646,5,2,594.8,2,Silver,-1.0699507790131246,-0.22963807175534695,0.030683748742943637
12647,23,32,7005.55,1,Platinum,-0.5389245444443046,1.6844473004187401,1.3733912382578906
12648,155,4,867.85,3,Gold,0.17807762315797018,0.17812112660243817,0.23620898381827046
12649,108,7,1411.75,3,Gold,0.04074948778409843,0.5532947556651121,0.5010371823717918
12650,4,1,132.52,2,Silver,-1.1397898640591078,-0.5532947556651122,-0.7841127940561238
12651,335,4,377.75,3,Gold,0.47197812951935153,0.17812112660243817,-0.21611548695716962
12652,332,2,702.25,3,Gold,0.4685426405037371,-0.22963807175534695,0.12101167462897332
12653,149,3,1358.93,3,Gold,0.163053954154465,0.0,0.48027852323691933
12654,11,5,499.33000000000004,2,Silver,-0.8044376617287146,0.32365668390976515,-0.06445441596615238
12655,424,1,213.5,0,Bronze,0.5619875032892562,-0.5532947556651122,-0.5258570375562911
12656,18,8,3592.5,1,Platinum,-0.628411754550284,0.6473133678195304,1.009633958420647
12657,12,4,678.5,2,Silver,-0.7737769457562178,0.17812112660243817,0.10229577249615611
12658,19,1,536.5,2,Silver,-0.6087636294902878,-0.5532947556651122,-0.025415275879157793
12659,30,1,30.0,0,Bronze,-0.44088812463316107,-0.5532947556651122,-1.5796298788660108
12660,12,1,203.70000000000002,2,Silver,-0.7737769457562178,-0.5532947556651122,-0.5513330846997553
12661,437,1,69.6,0,Bronze,0.5735288350587067,-0.5532947556651122,-1.1312556898534334
12662,1,20,5782.56,1,Platinum,-1.4907791133584927,1.3236566839097652,1.2688889941085908
12663,625,2,106.2,0,Bronze,0.7103296330370966,-0.22963807175534695,-0.9037211450367317
12664,88,3,108.0,0,Bronze,-0.036900060684146946,0.0,-0.8946497316939257
12665,325,3,199.6,0,Bronze,0.46040460694710905,0.0,-0.5623553325806855
12666,395,1,570.98,0,Bronze,0.5349151457132943,-0.5532947556651122,0.008456327889933014
12667,59,1,378.77000000000004,2,Silver,-0.18793529514491986,-0.5532947556651122,-0.21465033893534952
12668,12,9,8275.880000000001,1,Platinum,-0.7737769457562178,0.7314158822675506,1.464162204934645
12669,151,2,1229.94,3,Gold,0.16812759730294605,-0.22963807175534695,0.4259887861636623
12670,11,7,2065.87,1,Platinum,-0.8044376617287146,0.5532947556651121,0.7083230077950451
12671,607,1,424.501,0,Bronze,0.699153831871766,-0.5532947556651122,-0.15270847450978453
12672,330,2,397.1,0,Bronze,0.4662350765518357,-0.22963807175534695,-0.1889709933127177
12673,6,3,933.72,2,Silver,-1.0109026739636562,0.0,0.2760193318088947
12674,39,4,1068.8,2,Silver,-0.3432505122058779,0.17812112660243817,0.3495532069390236
12675,579,1,693.15,3,Gold,0.6810940482344539,-0.5532947556651122,0.11391630706151848
12676,25,10,1377.1100000000001,1,Platinum,-0.5082638284718078,0.8074958608438627,0.48751302419795495
12677,556,2,359.1,0,Bronze,0.6655945679602779,-0.22963807175534695,-0.2436237347316441
12678,43,14,1326.76,1,Platinum,-0.3067415229774418,1.0550725661773155,0.4672366272412226
12679,284,1,635.36,3,Gold,0.4089189463788791,-0.5532947556651122,0.06656238146448458
12680,1,4,723.05,2,Silver,-1.4907791133584927,0.17812112660243817,0.136890812584607
12681,15,43,19223.48,1,Platinum,-0.6942397615052628,1.9140853721740871,1.9232551055968452
12682,4,50,16422.170000000002,1,Platinum,-1.1397898640591078,2.031933682284485,1.8374575835425864
12683,5,20,5882.12,1,Platinum,-1.0699507790131246,1.3236566839097652,1.2781871377396805
12684,8,6,962.39,2,Silver,-0.9146355619521664,0.44670524433488773,0.2924777257192009
12685,29,6,2336.37,1,Platinum,-0.4534484124293297,0.44670524433488773,0.7753255640915272
12686,372,1,40.9,0,Bronze,0.5119947790129729,-0.5532947556651122,-1.4154895662279408
12687,481,1,1580.0900000000001,3,Gold,0.61019680103049,-0.5532947556651122,0.562366081639349
12688,114,1,1878.42,3,Gold,0.0612751721227529,-0.5532947556651122,0.6565299557927378
12689,26,2,927.57,2,Silver,-0.4938072276067984,-0.22963807175534695,0.27242312759508963
12690,206,1,265.11,0,Bronze,0.286429474229694,-0.5532947556651122,-0.4084032828786203
12691,59,5,627.4,3,Gold,-0.18793529514491986,0.32365668390976515,0.05970499247099353
12692,638,1,110.95,0,Bronze,0.7182029662583425,-0.5532947556651122,-0.8801017775361295
12693,128,7,1272.3600000000001,3,Gold,0.1052805739339436,0.5532947556651121,0.44444633211940027
12694,71,3,722.45,3,Gold,-0.11809621009893657,0.0,0.136439184637321
12695,8,7,1218.97,1,Platinum,-0.9146355619521664,0.5532947556651121,0.42111203866529634
12696,435,2,576.15,3,Gold,0.5717757223529184,-0.22963807175534695,0.013358317839345794
12697,29,3,560.55,2,Silver,-0.4534484124293297,0.0,-0.0015693016447607263
12698,591,1,218.45,0,Bronze,0.6889384409506407,-0.5532947556651122,-0.5134281445500333
12699,418,1,480.78000000000003,0,Bronze,0.5565411396297061,-0.5532947556651122,-0.08503622479451538
12700,8,4,3435.2400000000002,1,Platinum,-0.9146355619521664,0.17812112660243817,0.9852558739567852
12701,80,6,1842.21,3,Gold,-0.07297889326143023,0.44670524433488773,0.6459315521624773
12702,20,1,201.0,2,Silver,-0.5900743396182883,-0.5532947556651122,-0.5585665112864456
12703,72,4,871.33,3,Gold,-0.11281261657107146,0.17812112660243817,0.23838661465653632
12704,8,7,1142.56,1,Platinum,-0.9146355619521664,0.5532947556651121,0.3858758800878592
12705,16,13,8923.49,1,Platinum,-0.6710172298783336,0.9999999999999998,1.5052018819712685
12707,292,1,501.42,0,Bronze,0.41952320716253433,-0.5532947556651122,-0.062183493272791816
12708,30,18,3921.78,1,Platinum,-0.44088812463316107,1.2437665043036517,1.057396626128435
12709,16,27,6535.39,1,Platinum,-0.6710172298783336,1.553294755665112,1.3355508665793523
12710,97,3,824.46,3,Gold,0.0,0.0,0.2083002681892057
12711,612,2,894.09,3,Gold,0.7022910685529531,-0.22963807175534695,0.2524181310070118
12712,29,21,5055.57,1,Platinum,-0.4534484124293297,1.360790616508975,1.1957086529457452
12713,1,1,545.97,2,Silver,-1.4907791133584927,-0.5532947556651122,-0.015900652947154304
12714,10,12,10015.03,1,Platinum,-0.8377677575462616,0.9408443783721279,1.5680623123172392
12715,107,1,256.4,0,Bronze,0.0372190069620216,-0.5532947556651122,-0.42653259627549395
12716,4,2,839.3100000000001,2,Silver,-1.1397898640591078,-0.22963807175534695,0.21801366271332437
12717,152,3,984.4,3,Gold,0.1706394388124024,0.0,0.30478385782917483
12718,72,1,168.43,0,Bronze,-0.11281261657107146,-0.5532947556651122,-0.6543533277389093
12719,6,2,460.35,2,Silver,-1.0109026739636562,-0.22963807175534695,-0.10864170588824623
12720,3,28,5484.96,1,Platinum,-1.2252659960740826,1.5813058963946443,1.2401099345886544
12721,32,8,2739.62,1,Platinum,-0.4169394232008936,0.6473133678195304,0.8620309459756654
12722,86,3,697.06,3,Gold,-0.045606218572792845,0.0,0.116976305862049
12723,4,4,516.69,2,Silver,-1.1397898640591078,0.17812112660243817,-0.04587279406972374
12724,6,7,1881.61,1,Platinum,-1.0109026739636562,0.5532947556651121,0.6574538380751173
12725,372,3,1391.2,3,Gold,0.5119947790129729,0.0,0.4930546152598191
12726,29,9,958.3199999999999,1,Platinum,-0.4534484124293297,0.7314158822675506,0.2901713536036043
12727,11,9,3102.19,1,Platinum,-0.8044376617287146,0.7314158822675506,0.9297174483166911
12728,72,5,700.92,3,Gold,-0.11281261657107146,0.32365668390976515,0.11998040789818216
12729,114,1,357.05,0,Bronze,0.0612751721227529,-0.5532947556651122,-0.24673393233059024
12730,522,1,684.3,3,Gold,0.6414683518598984,-0.5532947556651122,0.1069260785730307
12731,24,14,6574.57,1,Platinum,-0.523287497475313,1.0550725661773155,1.338806580334978
12732,180,1,178.26000000000002,0,Bronze,0.23501522998922034,-0.5532947556651122,-0.623629365545011
12733,235,4,1723.52,3,Gold,0.33665289783344715,0.17812112660243817,0.6096713226293055
12734,353,3,195.35,0,Bronze,0.49196811489440495,0.0,-0.5740212211872064
12735,316,2,341.25,0,Bronze,0.4496807647051427,-0.22963807175534695,-0.2713203227001211
12738,373,1,74.6,0,Bronze,0.5130203605027174,-0.5532947556651122,-1.0939787593931534
12739,100,2,1092.19,3,Gold,0.011550255681379957,-0.22963807175534695,0.36133579638431307
12740,64,1,340.8,2,Silver,-0.1572745791724231,-0.5532947556651122,-0.27203708117233766
12741,534,1,135.75,0,Bronze,0.6501580505701977,-0.5532947556651122,-0.7710909207947886
12742,626,1,871.7,3,Gold,0.7109410528917252,-0.5532947556651122,0.23861763325186094
12743,135,2,442.79,3,Gold,0.1255221219748964,-0.22963807175534695,-0.129782016016826
12744,57,8,6670.38,1,Platinum,-0.200921435633751,0.6473133678195304,1.3466870231497492
12745,487,2,225.05,0,Bronze,0.6149356795016914,-0.22963807175534695,-0.49728544703717353
12746,541,1,254.55,0,Bronze,0.6551374729685795,-0.5532947556651122,-0.4304621812379007
12747,3,26,4550.85,1,Platinum,-1.2252659960740826,1.5242648073944076,1.138422907601669
12748,1,302,29744.84,1,Platinum,-1.4907791133584927,3.454315423760451,2.161052535917142
12749,4,9,4628.54,1,Platinum,-1.1397898640591078,0.7314158822675506,1.1476425729485755
12750,129,1,220.48,0,Bronze,0.10823853811198687,-0.5532947556651122,-0.5084119131326478
12751,445,1,263.02,0,Bronze,0.5804621366929893,-0.5532947556651122,-0.41269878819090294
12752,82,1,171.5,0,Bronze,-0.06363563841494821,-0.5532947556651122,-0.6445705779603279
12753,136,4,551.1700000000001,3,Gold,0.12832839428870058,0.17812112660243817,-0.010745973338866599
12754,278,2,61.62,0,Bronze,0.40076854405757495,-0.22963807175534695,-1.1965991022807276
12755,281,10,294.91,3,Gold,0.4048654222290361,0.8074958608438627,-0.35057769005215345
12757,16,7,3167.4,1,Platinum,-0.6710172298783336,0.5532947556651121,0.9410466758374295
12758,117,7,4260.32,1,Platinum,0.07113978054903715,0.5532947556651121,1.1024923186850466
12759,53,8,3775.83,1,Platinum,-0.2282941103223884,0.6473133678195304,1.0367411361724597
12760,456,1,267.64,0,Bronze,0.5897950436105831,-0.5532947556651122,-0.4032483730330686
12761,465,1,559.95,0,Bronze,0.597265464813531,-0.5532947556651122,-0.0021516904897637174
12762,8,2,1033.4,2,Silver,-0.9146355619521664,-0.22963807175534695,0.33122139769360653
12763,370,1,250.48000000000002,0,Bronze,0.5099353414845531,-0.5532947556651122,-0.43920835672208874
12764,317,1,1073.48,3,Gold,0.450887236435085,-0.5532947556651122,0.3519312140758706
12765,473,5,707.74,3,Gold,0.6037856981128283,0.32365668390976515,0.1252480166721984
12766,4,9,6351.89,1,Platinum,-1.1397898640591078,0.7314158822675506,1.3200382570800449
12767,376,1,573.38,0,Bronze,0.5160807319685239,-0.5532947556651122,0.010737399704650964
12768,451,1,150.45000000000002,0,Bronze,0.5855809806743267,-0.5532947556651122,-0.7154686756270509
12769,239,1,523.44,0,Bronze,0.3430909394239001,-0.5532947556651122,-0.03881553510671351
12770,457,1,318.0,0,Bronze,0.5906323214468823,-0.5532947556651122,-0.3096455238513828
12771,486,1,186.5,0,Bronze,0.6141499264926369,-0.5532947556651122,-0.5991462635424527
12772,60,1,529.12,2,Silver,-0.18160367235153863,-0.5532947556651122,-0.032947004863332165
12773,565,1,30.29,0,Bronze,0.6717344859119654,-0.5532947556651122,-1.5745572754394683
12774,536,1,83.7,0,Bronze,0.6515873599061478,-0.5532947556651122,-1.0320598700300188
12775,18,7,861.1400000000001,2,Silver,-0.628411754550284,0.5532947556651121,0.23198542795850471
12776,668,1,17.0,0,Bronze,0.7357773537539475,-0.5532947556651122,-1.875778625363835
12777,458,1,296.1,0,Bronze,0.5914677731577705,-0.5532947556651122,-0.34839126984121127
12778,20,9,907.61,1,Platinum,-0.5900743396182883,0.7314158822675506,0.26058524516536363
12779,38,13,3890.04,1,Platinum,-0.3529486114108498,0.9999999999999998,1.0529708034032697
12780,599,1,182.51999999999998,0,Bronze,0.694080188723285,-0.5532947556651122,-0.6108345411019797
12781,64,2,210.3,2,Silver,-0.1572745791724231,-0.22963807175534695,-0.5340454668543709
12782,5,11,3480.73,1,Platinum,-1.0699507790131246,0.8769514395748774,0.992420468665155
12783,3,4,1175.3600000000001,2,Silver,-1.2252659960740826,0.17812112660243817,0.40128145396249026
12784,16,2,1268.15,2,Silver,-0.6710172298783336,-0.22963807175534695,0.4426422017011675
12785,365,3,733.85,3,Gold,0.5047377792782392,0.0,0.14495673927899483
12786,610,1,225.70000000000002,0,Bronze,0.7010392554859429,-0.5532947556651122,-0.4957212073445102
12787,10,4,608.62,2,Silver,-0.8377677575462616,0.17812112660243817,0.043175887097403165
12788,464,4,384.90000000000003,3,Gold,0.5964425762960016,0.17812112660243817,-0.20592713092766005
12789,513,2,148.5,0,Bronze,0.6348192165065734,-0.22963807175534695,-0.7225285089442293
12790,193,2,333.33000000000004,0,Bronze,0.26158431917602176,-0.22963807175534695,-0.2840751320047254
12791,601,3,308.83,0,Bronze,0.6953549135522317,0.0,-0.3255351974607268
12792,257,2,592.11,3,Gold,0.3707936912183536,-0.22963807175534695,0.02821854881116054
12793,335,3,679.53,3,Gold,0.47197812951935153,0.0,0.10312093013664707
12794,54,2,671.97,2,Silver,-0.22126539096246675,-0.22963807175534695,0.09703515141040536
12795,19,1,209.33,2,Silver,-0.6087636294902878,-0.5532947556651122,-0.5365520903256412
12797,366,2,425.35,0,Bronze,0.5057829489787685,-0.22963807175534695,-0.151622568335717
12798,422,1,43.49,0,Bronze,0.560180639289994,-0.5532947556651122,-1.382814643879416
12799,530,1,202.4,0,Bronze,0.6472833319553631,-0.5532947556651122,-0.5548038586756373
12800,471,2,490.17,3,Gold,0.6021660151178568,-0.22963807175534695,-0.07452056178246658
12801,501,1,627.07,0,Bronze,0.6257702652194208,-0.5532947556651122,0.05941883180881435
12802,187,5,1670.89,3,Gold,0.24955020516807794,0.32365668390976515,0.5927865145182631
12803,394,1,609.69,0,Bronze,0.533946613066845,-0.5532947556651122,0.04413123559444702
12804,466,2,226.07,0,Bronze,0.598086589367184,-0.22963807175534695,-0.4948327958966378
12805,382,4,986.15,3,Gold,0.5221290859067854,0.17812112660243817,0.30575048332966653
12806,573,2,584.16,3,Gold,0.6771107770802407,-0.22963807175534695,0.02086703115194054
12807,384,1,167.2,0,Bronze,0.5241241657167796,-0.5532947556651122,-0.6583226294362746
12808,37,5,738.75,2,Silver,-0.36289863726587396,0.32365668390976515,0.1485772643138565
12809,178,3,1095.14,3,Gold,0.23075902556077962,0.0,0.36280390827630304
12810,535,2,393.63,0,Bronze,0.6508733718940333,-0.22963807175534695,-0.19374029791585268
12811,262,4,816.8000000000001,3,Gold,0.37814620980093494,0.17812112660243817,0.20322132052891068
12812,45,1,190.04000000000002,0,Bronze,-0.28971407717663195,-0.5532947556651122,-0.5889567781517293
12813,502,3,493.40000000000003,3,Gold,0.6265325628990522,0.0,-0.07094976851162949
12815,148,2,735.96,3,Gold,0.1604917074264877,-0.22963807175534695,0.14651873237285018
12816,96,2,395.3,2,Silver,-0.003928798108388237,-0.22963807175534695,-0.191439771768305
12817,282,3,531.38,3,Gold,0.40622136862755537,0.0,-0.030629459406232636
12818,262,1,135.60000000000002,0,Bronze,0.37814620980093494,-0.5532947556651122,-0.7716888094740222
12819,459,1,329.20000000000005,0,Bronze,0.5923014066915729,-0.5532947556651122,-0.29084669865456086
12820,4,11,2104.09,1,Platinum,-1.1397898640591078,0.8769514395748774,0.7183048523608163
12821,215,2,154.8,0,Bronze,0.3027321242464316,-0.22963807175534695,-0.7000419238652785
12822,71,2,713.0600000000001,2,Silver,-0.11809621009893657,-0.22963807175534695,0.12932198741353512
12824,60,1,397.12,2,Silver,-0.18160367235153863,-0.5532947556651122,-0.18894362518931804
12825,522,2,260.28000000000003,0,Bronze,0.6414683518598984,-0.22963807175534695,-0.41838201785531837
12826,3,12,2236.66,1,Platinum,-1.2252659960740826,0.9408443783721279,0.7515756713437168
12827,6,3,430.15,2,Silver,-1.0109026739636562,0.0,-0.14552355264483996
12828,3,6,857.8000000000001,2,Silver,-1.2252659960740826,0.44670524433488773,0.2298708223052106
12829,337,3,95.22,0,Bronze,0.4742514564148769,0.0,-0.962589121030799
12831,263,3,294.75,0,Bronze,0.3795999286523362,0.0,-0.3508723328908072
12832,33,2,383.03000000000003,2,Silver,-0.4055041125939236,-0.22963807175534695,-0.2085734324360643
12833,146,1,329.85,0,Bronze,0.15531521706095783,-0.5532947556651122,-0.2897753587218462
12834,283,1,312.38,0,Bronze,0.4075725321364264,-0.5532947556651122,-0.3193286977003736
12835,428,41,5551.79,1,Platinum,0.5655758616857911,1.8769514395748776,1.2467063040943103
12836,60,15,4369.93,1,Platinum,-0.18160367235153863,1.1065895113302244,1.1163279065428617
12837,174,2,478.16,3,Gold,0.22210205920393347,-0.22963807175534695,-0.08800689336686415
12838,34,10,2184.46,1,Platinum,-0.3944003073798616,0.8074958608438627,0.7387165868280315
12839,3,25,7701.43,1,Platinum,-1.2252659960740826,1.49413913403724,1.4249763331866678
12840,144,7,3581.07,3,Gold,0.15006781366563385,0.5532947556651121,1.0078984037521381
12841,5,40,5039.88,1,Platinum,-1.0699507790131246,1.8577159160280703,1.1940156423050727
12842,71,3,583.37,2,Silver,-0.11809621009893657,0.0,0.020131054737781432
12843,160,23,3351.58,1,Platinum,0.19016236221820432,1.4302461952399896,0.971828420430953
12844,30,4,606.8000000000001,2,Silver,-0.44088812463316107,0.17812112660243817,0.041547043499261145
12845,269,2,71.79,0,Bronze,0.3882082562614065,-0.22963807175534695,-1.1146136281445655
12847,23,2,700.11,2,Silver,-0.5389245444443046,-0.22963807175534695,0.11935138534699256
12848,676,1,154.3,0,Bronze,0.7403308035992826,-0.5532947556651122,-0.7017930542069155
12849,32,6,1534.17,1,Platinum,-0.4169394232008936,0.44670524433488773,0.5463096979718107
12851,97,2,215.60999999999999,0,Bronze,0.0,-0.22963807175534695,-0.5205243525394524
12852,295,1,216.15,0,Bronze,0.42342532366623076,-0.5532947556651122,-0.5191679375205805
12853,135,11,2483.4,1,Platinum,0.1255221219748964,0.8769514395748774,0.8085595347495926
12854,79,7,2366.46,3,Gold,-0.07773739492146804,0.5532947556651121,0.7822939513731472
12855,373,4,386.04,3,Gold,0.5130203605027174,0.17812112660243817,-0.2043201619630247
12856,8,6,1901.15,1,Platinum,-0.9146355619521664,0.44670524433488773,0.6630790408048518
12857,211,6,2118.8,3,Gold,0.29557201937412686,0.44670524433488773,0.7220984138467753
12858,384,1,127.32000000000001,0,Bronze,0.5241241657167796,-0.5532947556651122,-0.8057535567119377
12859,459,1,273.3,0,Bronze,0.5923014066915729,-0.5532947556651122,-0.3918896782066045
12860,694,1,41.47,0,Bronze,0.7503823719237321,-0.5532947556651122,-1.4081284865257582
12861,620,1,55.5,0,Bronze,0.7072578085750622,-0.5532947556651122,-1.252626106112704
12862,426,2,751.67,3,Gold,0.5637858843277077,-0.22963807175534695,0.15800984239513557
12863,53,5,554.45,2,Silver,-0.2282941103223884,0.32365668390976515,-0.007519467688319185
12864,139,2,11.149999999999999,0,Bronze,0.13662592718895825,-0.22963807175534695,-2.0898988651754316
12865,27,4,2608.78,1,Platinum,-0.47987643939483643,0.17812112660243817,0.8353814510051815
12866,284,3,898.97,3,Gold,0.4089189463788791,0.0,0.25538016493214366
12867,27,13,6659.87,1,Platinum,-0.47987643939483643,0.9999999999999998,1.3458281135373318
12868,186,8,1900.0900000000001,3,Gold,0.24750724321830736,0.6473133678195304,0.6627753719509386
12869,682,1,230.57,0,Bronze,0.7437107178008219,-0.5532947556651122,-0.48414218242143336
12870,376,3,1118.06,3,Gold,0.5160807319685239,0.0,0.374077577153113
12871,85,3,132.44,0,Bronze,-0.05003464312701457,0.0,-0.7844393006168197
12872,327,12,2953.77,3,Gold,0.46274745496981445,0.9408443783721279,0.9030180761300155
12873,283,3,713.6999999999999,3,Gold,0.4075725321364264,0.0,0.1298100424803848
12874,386,2,526.94,3,Gold,0.5261089082793118,-0.22963807175534695,-0.035191894100989156
12876,58,4,1921.5800000000002,3,Gold,-0.19437333673537285,0.17812112660243817,0.6688989984049422
12877,4,20,2654.7200000000003,1,Platinum,-1.1397898640591078,1.3236566839097652,0.8448877287651967
12878,237,2,601.79,3,Gold,0.3398854440853227,-0.22963807175534695,0.037037929356955386
12879,92,1,79.30000000000001,0,Bronze,-0.020059790287792888,-0.5532947556651122,-1.0611214896283936
12880,382,2,600.53,3,Gold,0.5221290859067854,-0.22963807175534695,0.03589800269706215
12881,276,1,103.0,0,Bronze,0.3980127447067781,-0.5532947556651122,-0.9202307775748334
12882,10,2,995.4,2,Silver,-0.8377677575462616,-0.22963807175534695,0.3108314908124938
12883,25,4,600.7900000000001,2,Silver,-0.5082638284718078,0.17812112660243817,0.03613342105470559
12884,89,1,139.05,0,Bronze,-0.032620078083961696,-0.5532947556651122,-0.7581006998709214
12885,64,3,890.82,3,Gold,-0.1572745791724231,0.0,0.25042427558301805
12886,68,2,1138.54,3,Gold,-0.13439886011567378,-0.22963807175534695,0.3839574336705547
12887,384,1,164.70000000000002,0,Bronze,0.5241241657167796,-0.5532947556651122,-0.6664805563675147
12888,256,1,25.200000000000003,0,Bronze,0.36930609922216334,-0.5532947556651122,-1.6712763737335063
12889,382,4,344.06,3,Gold,0.5221290859067854,0.17812112660243817,-0.2668657691632053
12890,25,2,611.13,2,Silver,-0.5082638284718078,-0.22963807175534695,0.04541429943398852
12892,397,1,246.47000000000003,0,Bronze,0.5368448951729259,-0.5532947556651122,-0.44796514405113147
12893,31,1,176.55,2,Silver,-0.42872664422085277,-0.5532947556651122,-0.6288510487952589
12894,576,1,111.9,0,Bronze,0.6791075902428337,-0.5532947556651122,-0.8754983490215843
12895,43,2,308.65,2,Silver,-0.3067415229774418,-0.22963807175534695,-0.3258517846473932
12897,205,2,133.85000000000002,0,Bronze,0.28457448533777435,-0.22963807175534695,-0.7787130977298935
12898,660,1,143.57,0,Bronze,0.7311691242511416,-0.5532947556651122,-0.7407962562539496
12899,414,1,243.85,0,Bronze,0.5528667281688463,-0.5532947556651122,-0.4537635153002163
12900,423,1,262.0,0,Bronze,0.5610851366585369,-0.5532947556651122,-0.4148075218163194
12901,11,12,664.83,1,Platinum,-0.8044376617287146,0.9408443783721279,0.09122436741767133
12902,265,1,104.78,0,Bronze,0.3824909194133723,-0.5532947556651122,-0.9109856171828314
12903,429,1,682.6500000000001,3,Gold,0.5664677234567803,-0.5532947556651122,0.10561283684376752
12904,19,2,346.71,2,Silver,-0.6087636294902878,-0.22963807175534695,-0.2626979676735793
12905,577,2,693.94,3,Gold,0.6797708881706453,-0.22963807175534695,0.11453595478595507
12906,12,4,561.84,2,Silver,-0.7737769457562178,0.17812112660243817,-0.00031926992833225683
12907,396,2,327.63,0,Bronze,0.5358812356518636,-0.22963807175534695,-0.2934431202563372
12909,40,8,1678.67,1,Platinum,-0.33379189688341554,0.6473133678195304,0.5953157046833428
12910,24,12,1409.42,1,Platinum,-0.523287497475313,0.9408443783721279,0.5001379600167118
12911,552,1,1292.21,3,Gold,0.6628338031622965,-0.5532947556651122,0.4528731607635415
12912,9,3,344.34000000000003,2,Silver,-0.8742767467746977,0.0,-0.26642388811215423
12913,5,9,1512.49,1,Platinum,-1.0699507790131246,0.7314158822675506,0.5385614107332221
12914,401,1,40.5,0,Bronze,0.5406754716705815,-0.5532947556651122,-1.4207152770909246
12915,149,4,711.2,3,Gold,0.163053954154465,0.17812112660243817,0.1279010904247265
12916,139,7,2662.2000000000003,3,Gold,0.13662592718895825,0.5532947556651121,0.8464199678341437
12917,401,4,447.6,3,Gold,0.5406754716705815,0.17812112660243817,-0.12390925006641879
12919,9,6,947.61,2,Silver,-0.8742767467746977,0.44670524433488773,0.2840551814439347
12920,18,3,299.5,2,Silver,-0.628411754550284,0.0,-0.3421922772090322
12921,10,73,22877.86,1,Platinum,-0.8377677575462616,2.329068471419354,2.0180618903768868
12922,162,1,332.9,0,Bronze,0.19489148966269906,-0.5532947556651122,-0.2847762492542507
12923,65,3,480.37,2,Silver,-0.1514263059164838,0.0,-0.08550003260716957
12924,89,11,918.3100000000001,3,Gold,-0.032620078083961696,0.8769514395748774,0.26696317385822205
12925,5,3,568.63,2,Silver,-1.0699507790131246,0.0,0.00621348518220736
12926,412,4,1387.67,3,Gold,0.5510162199438734,0.17812112660243817,0.49167155100362736
12927,395,1,160.20000000000002,0,Bronze,0.5349151457132943,-0.5532947556651122,-0.6814799303424086
12928,36,11,2959.9500000000003,1,Platinum,-0.37311402818699907,0.8769514395748774,0.9041563037738086
12929,312,1,87.95,0,Bronze,0.44481651575268666,-0.5532947556651122,-1.005388275193627
12930,79,2,349.29,2,Silver,-0.07773739492146804,-0.22963807175534695,-0.258670664103483
12931,68,7,545.56,3,Gold,-0.13439886011567378,0.5532947556651121,-0.016309161619717096
12932,550,7,1026.98,3,Gold,0.6614459231744579,0.5532947556651121,0.32782971005692085
12933,25,8,1344.3700000000001,1,Platinum,-0.5082638284718078,0.6473133678195304,0.4744144654456437
12935,3,15,2957.0,1,Platinum,-1.2252659960740826,1.1065895113302244,0.9036132716938963
12936,18,3,699.74,2,Silver,-0.628411754550284,0.0,0.11906381222381991
12937,16,9,2209.05,1,Platinum,-0.6710172298783336,0.7314158822675506,0.7448119823679097
12938,26,1,93.26,0,Bronze,-0.4938072276067984,-0.5532947556651122,-0.9738007863019095
12940,55,2,652.8100000000001,2,Silver,-0.2143633221104263,-0.22963807175534695,0.08129985650984274
12941,725,1,248.85000000000002,0,Bronze,0.7670981671801571,-0.5532947556651122,-0.4427508868033382
12942,132,3,529.6,3,Gold,0.11697780212896233,0.0,-0.0324539575287825
12943,559,2,224.5,0,Bronze,0.6676521617577782,-0.22963807175534695,-0.49861255166475416
12944,36,2,439.41,2,Silver,-0.37311402818699907,-0.22963807175534695,-0.13394702949395776
12945,289,2,691.13,3,Gold,0.41558093095004384,-0.22963807175534695,0.11232867878602752
12946,437,1,293.8,0,Bronze,0.5735288350587067,-0.5532947556651122,-0.35262506447199277
12947,144,5,1139.75,3,Gold,0.15006781366563385,0.32365668390976515,0.3845355875368849
12948,17,9,1968.4,1,Platinum,-0.6491224446677566,0.7314158822675506,0.6820068002305096
12949,31,22,11682.17,1,Platinum,-0.42872664422085277,1.3962735958823376,1.6519374340988005
12950,9,2,243.4,2,Silver,-0.8742767467746977,-0.22963807175534695,-0.45476565878607067
12951,9,15,2991.57,1,Platinum,-0.8742767467746977,1.1065895113302244,0.9099431272970959
12952,6,4,1184.4,2,Silver,-1.0109026739636562,0.17812112660243817,0.4054519037289379
12953,10,2,648.85,2,Silver,-0.8377677575462616,-0.22963807175534695,0.07799022008795697
12954,639,1,136.95,0,Bronze,0.718801956931762,-0.5532947556651122,-0.7663312879249288
12955,2,11,1915.3,1,Platinum,-1.3354638962975345,0.8769514395748774,0.6671166048611893
12956,307,4,390.22,3,Gold,0.43864803370180433,0.17812112660243817,-0.1984681682070788
12957,10,13,7156.63,1,Platinum,-0.8377677575462616,0.9999999999999998,1.3850132180428718
12958,401,2,378.94,0,Bronze,0.5406754716705815,-0.22963807175534695,-0.21440653023944695
12959,485,1,63.6,0,Bronze,0.6133625583683476,-0.5532947556651122,-1.179640386007179
12960,414,4,841.87,3,Gold,0.5528667281688463,0.17812112660243817,0.2196707975375413
12961,380,1,198.07,0,Bronze,0.5201235606051635,-0.5532947556651122,-0.5665263317919852
12962,8,2,240.89000000000001,2,Silver,-0.9146355619521664,-0.22963807175534695,-0.4603894649740154
12963,9,12,2903.09,1,Platinum,-0.8742767467746977,0.9408443783721279,0.8935930530144571
12964,438,1,132.24,0,Bronze,0.5744023917830158,-0.5532947556651122,-0.7852564241841647
12965,90,1,681.66,2,Silver,-0.028387389076971702,-0.5532947556651122,0.10482336957382624
12966,10,1,147.68,2,Silver,-0.8377677575462616,-0.5532947556651122,-0.7255248037587155
12967,359,3,1296.72,3,Gold,0.4984061564848583,0.0,0.4547697330787122
12968,113,1,30.0,0,Bronze,0.05792969707949422,-0.5532947556651122,-1.5796298788660108
12969,603,1,96.5,0,Bronze,0.696625410430366,-0.5532947556651122,-0.9553898265967903
12970,8,10,1195.78,1,Platinum,-0.9146355619521664,0.8074958608438627,0.41065688411795237
12971,4,99,6634.67,1,Platinum,-1.1397898640591078,2.5694212758653254,1.3437631588681673
12972,414,4,800.12,3,Gold,0.5528667281688463,0.17812112660243817,0.19199508545137928
12973,414,1,70.05000000000001,0,Bronze,0.5528667281688463,-0.5532947556651122,-1.1277943399655255
12974,198,2,389.0,0,Bronze,0.2713317778885159,-0.22963807175534695,-0.2001696798943236
12975,437,6,1647.77,3,Gold,0.5735288350587067,0.44670524433488773,0.5852004148787139
12976,212,8,1830.74,3,Gold,0.2973746319129746,0.6473133678195304,0.6425309055810159
12977,157,4,330.23,3,Gold,0.18295736376746013,0.17812112660243817,-0.289150011418763
12978,386,5,2274.17,3,Gold,0.5261089082793118,0.32365668390976515,0.7606320838948243
12979,730,1,320.91,0,Bronze,0.7697272403531444,-0.5532947556651122,-0.30469846551740565
12980,530,2,111.6,0,Bronze,0.6472833319553631,-0.22963807175534695,-0.8769478652121322
12981,30,2,359.02,2,Silver,-0.44088812463316107,-0.22963807175534695,-0.24374477593198962
12982,243,7,2341.48,3,Gold,0.34942256221728135,0.5532947556651121,0.7765152634995207
12983,599,1,224.4,0,Bronze,0.694080188723285,-0.5532947556651122,-0.49885419113654184
12984,19,1,97.5,2,Silver,-0.6087636294902878,-0.5532947556651122,-0.949830837747018
12985,1,2,888.08,2,Silver,-1.4907791133584927,-0.22963807175534695,0.24874794573678183
12986,429,10,1418.17,3,Gold,0.5664677234567803,0.8074958608438627,0.5035072161782203
12987,74,5,810.63,3,Gold,-0.10245916312994499,0.32365668390976515,0.19909560160012815
12988,293,1,386.17,0,Bronze,0.4208283343453678,-0.5532947556651122,-0.20413721184847353
12989,9,15,1477.49,1,Platinum,-0.8742767467746977,1.1065895113302244,0.5258153120913733
12990,32,6,604.5,2,Silver,-0.4169394232008936,0.44670524433488773,0.03948162403932979
12991,24,3,524.96,2,Silver,-0.523287497475313,0.0,-0.03723887788677362
12992,726,1,93.35,0,Bronze,0.7676254273564499,-0.5532947556651122,-0.9732808789805533
12993,24,8,1176.55,1,Platinum,-0.523287497475313,0.6473133678195304,0.4018322683179091
12994,5,3,812.0600000000001,2,Silver,-1.0699507790131246,0.0,0.20005459087054359
12996,376,1,246.95000000000002,0,Bronze,0.5160807319685239,-0.5532947556651122,-0.44690950379306693
12997,23,8,1576.21,1,Platinum,-0.5389245444443046,0.6473133678195304,0.5610275560764817
12998,493,3,553.3,3,Gold,0.6196166476208109,0.0,-0.008648537896023307
12999,206,2,222.77999999999997,0,Bronze,0.286429474229694,-0.22963807175534695,-0.5027837571834283
13000,260,3,874.3000000000001,3,Gold,0.3752221157725753,0.0,0.2402382500860921
13001,5,33,13670.89,1,Platinum,-1.0699507790131246,1.7082769983747197,1.7375721940170143
13002,319,3,394.1,3,Gold,0.45328883964735195,0.0,-0.1930918615263779
13003,215,1,59.050000000000004,0,Bronze,0.3027321242464316,-0.5532947556651122,-1.2194291288453611
13004,12,36,9852.81,1,Platinum,-0.7737769457562178,1.775773715754242,1.5591668651984536
13005,174,4,572.55,3,Gold,0.22210205920393347,0.17812112660243817,0.009949608971117518
13006,57,1,31.8,0,Bronze,-0.200921435633751,-0.5532947556651122,-1.5488819971049663
13007,580,1,116.1,0,Bronze,0.6817539182642978,-0.5532947556651122,-0.8555999635190272
13008,324,3,512.41,3,Gold,0.45922778741137177,0.0,-0.050395450345295495
13010,375,2,131.34,0,Bronze,0.515063322452488,-0.22963807175534695,-0.7889487235973193
13011,373,1,50.550000000000004,0,Bronze,0.5130203605027174,-0.5532947556651122,-1.3025757775191353
13012,10,11,2370.05,1,Platinum,-0.8377677575462616,0.8769514395748774,0.7831194205021181
13013,2,27,8475.9,1,Platinum,-1.3354638962975345,1.553294755665112,1.4771707688728335
13014,11,11,3405.57,1,Platinum,-0.8044376617287146,0.8769514395748774,0.9805316128531346
13015,54,11,4620.92,1,Platinum,-0.22126539096246675,0.8769514395748774,1.1467451588254083
13016,74,3,542.78,2,Silver,-0.10245916312994499,0.0,-0.01908715942365044
13018,17,34,7755.02,1,Platinum,-0.6491224446677566,1.7314158822675505,1.4287535129754307
13019,380,6,1133.65,3,Gold,0.5201235606051635,0.44670524433488773,0.3816146570100362
13020,563,2,588.48,3,Gold,0.6703785395134462,-0.22963807175534695,0.024874120488543757
13021,5,17,3687.52,1,Platinum,-1.0699507790131246,1.2006081234846424,1.0238518734640307
13022,430,1,50.3,0,Bronze,0.5673575135377023,-0.5532947556651122,-1.3052241841945835
13023,65,3,929.5600000000001,3,Gold,-0.1514263059164838,0.0,0.2735893774137249
13024,471,2,468.02,3,Gold,0.6021660151178568,-0.22963807175534695,-0.09965919792431968
13025,732,1,203.15,0,Bronze,0.7707738378829085,-0.5532947556651122,-0.5527987913396418
13026,2,7,542.32,2,Silver,-1.3354638962975345,0.5532947556651121,-0.019548197153123118
13028,23,2,435.6,2,Silver,-0.5389245444443046,-0.22963807175534695,-0.1386804083706896
13029,31,4,197.5,2,Silver,-0.42872664422085277,0.17812112660243817,-0.5680884347448442
13030,12,2,577.66,2,Silver,-0.7737769457562178,-0.22963807175534695,0.014781756813108962
13031,408,5,2681.85,3,Gold,0.5472881665990617,0.32365668390976515,0.8504247564723033
13032,53,9,2165.34,1,Platinum,-0.2282941103223884,0.7314158822675506,0.7339295159197761
13033,358,2,220.55,0,Bronze,0.4973406357488674,-0.22963807175534695,-0.508239760759525
13034,55,3,705.87,2,Silver,-0.2143633221104263,0.0,0.12380873318371927
13035,74,3,522.0,2,Silver,-0.10245916312994499,0.0,-0.0403134312988284
13036,685,1,49.0,0,Bronze,0.7453895566792459,-0.5532947556651122,-1.3192073612229622
13037,139,12,3280.56,1,Platinum,0.13662592718895825,0.9408443783721279,0.960164065321192
13038,81,3,488.46000000000004,3,Gold,-0.06827877959900555,0.0,-0.07642050001072895
13039,585,4,770.73,3,Gold,0.685036324446944,0.17812112660243817,0.17163353057846337
13040,9,2,646.63,2,Silver,-0.8742767467746977,-0.22963807175534695,0.07612598433823724
13041,451,4,593.63,3,Gold,0.5855809806743267,0.17812112660243817,0.02961289478919122
13042,599,3,1197.59,3,Gold,0.694080188723285,0.0,0.4114801766146052
13043,274,1,207.7,0,Bronze,0.39523697562132815,-0.5532947556651122,-0.5407904009605309
13044,292,11,3560.9700000000003,3,Gold,0.41952320716253433,0.8769514395748774,1.0048329029666623
13045,100,3,775.27,3,Gold,0.011550255681379957,0.0,0.17482899692142356
13046,31,3,683.19,2,Silver,-0.42872664422085277,0.0,0.10604297363257052
13047,32,22,5994.77,1,Platinum,-0.4169394232008936,1.3962735958823376,1.2885199005593087
13048,15,9,3633.39,1,Platinum,-0.6942397615052628,0.7314158822675506,1.0157978971791353
13049,65,3,348.6,2,Silver,-0.1514263059164838,0.0,-0.25974482057415643
13050,15,34,9811.130000000001,1,Platinum,-0.6942397615052628,1.7314158822675505,1.55685766409348
13051,579,1,80.8,0,Bronze,0.6810940482344539,-0.5532947556651122,-1.051038977653032
13052,213,7,2466.13,3,Gold,0.2991688012708128,0.5532947556651121,0.804759366808528
13053,622,1,127.65,0,Bronze,0.7084894959950994,-0.5532947556651122,-0.8043543565072667
13055,79,4,1915.6100000000001,3,Gold,-0.07773739492146804,0.17812112660243817,0.667204726218714
13056,552,1,118.35,0,Bronze,0.6628338031622965,-0.5532947556651122,-0.8452317384868604
13057,531,3,220.95,0,Bronze,0.6480040366977823,0.0,-0.5072570751623569
13058,59,2,137.70000000000002,0,Bronze,-0.18793529514491986,-0.22963807175534695,-0.7633774969534445
13059,250,10,1790.02,3,Gold,0.3602571479350108,0.8074958608438627,0.6302837678563861
13060,254,1,246.33,0,Bronze,0.3663134710508291,-0.5532947556651122,-0.44827342484040045
13061,73,1,228.21,0,Bronze,-0.10760091090258887,-0.5532947556651122,-0.48972264610272925
13062,192,1,200.60000000000002,0,Bronze,0.2596047051701011,-0.5532947556651122,-0.5596463454957235
13063,481,1,158.4,0,Bronze,0.61019680103049,-0.5532947556651122,-0.687597256781211
13064,13,6,1285.22,2,Silver,-0.7453895566792464,0.44670524433488773,0.44992057447809974
13065,374,5,965.25,3,Gold,0.5140432034538499,0.32365668390976515,0.29409259794023584
13066,25,2,344.15000000000003,2,Silver,-0.5082638284718078,-0.22963807175534695,-0.2667236968765185
13067,83,3,478.65999999999997,3,Gold,-0.05904810504946846,0.0,-0.08743871974762908
13069,1,37,5960.53,1,Platinum,-1.4907791133584927,1.7970612599687639,1.2853999341129496
13070,193,4,693.2,3,Gold,0.26158431917602176,0.17812112660243817,0.11395554617128585
13071,613,1,78.22,0,Bronze,0.7029154443351987,-0.5532947556651122,-1.0684982105966174
13072,267,1,142.35000000000002,0,Bronze,0.3853602546096233,-0.5532947556651122,-0.7454130311748257
13073,412,2,299.93,0,Bronze,0.5510162199438734,-0.22963807175534695,-0.3414132878090804
13074,512,3,451.5,3,Gold,0.6340732484858203,0.0,-0.11919359060770034
13075,130,1,258.81,0,Bronze,0.11117383567517708,-0.5532947556651122,-0.42145566390210826
13076,458,1,135.4,0,Bronze,0.5914677731577705,-0.5532947556651122,-0.7724870164742782
13077,2,11,2169.6,1,Platinum,-1.3354638962975345,0.8769514395748774,0.7349997392911333
13078,4,56,14962.43,1,Platinum,-1.1397898640591078,2.120717943878529,1.7867476820932229
13079,22,5,389.18,2,Silver,-0.555227194461042,0.32365668390976515,-0.19991830273987649
13080,180,4,227.95000000000002,0,Bronze,0.23501522998922034,0.17812112660243817,-0.49034095334063893
13081,12,27,30356.29,1,Platinum,-0.7737769457562178,1.553294755665112,2.1721373126280454
13082,127,16,1619.16,1,Platinum,0.10229959034796707,1.1549822427096075,0.575664300924616
13083,5,3,278.15999999999997,2,Silver,-1.0699507790131246,0.0,-0.38232193965357975
13085,158,8,1996.48,3,Gold,0.185374119150675,0.6473133678195304,0.689719446263447
13086,383,1,429.38000000000005,0,Bronze,0.5231279246933352,-0.5532947556651122,-0.14649734989034074
13087,727,1,228.44,0,Bronze,0.7681519627762583,-0.5532947556651122,-0.489176266371116
13088,418,1,197.86,0,Bronze,0.5565411396297061,-0.5532947556651122,-0.567101322410764
13089,5,156,49501.0,1,Platinum,-1.0699507790131246,2.9294858935974255,2.438520000648862
13090,9,18,3315.56,1,Platinum,-0.8742767467746977,1.2437665043036517,0.9659436950183811
13091,29,2,404.22,2,Silver,-0.4534484124293297,-0.22963807175534695,-0.1793138007205814
13092,212,11,1427.8500000000001,3,Gold,0.2973746319129746,0.8769514395748774,0.5072104582419634
13093,276,51,16809.51,1,Platinum,0.3980127447067781,2.0474338897023525,1.8501569392036037
13094,206,3,141.60000000000002,0,Bronze,0.286429474229694,0.0,-0.7482707550571801
13095,71,1,32.4,0,Bronze,-0.11809621009893657,-0.5532947556651122,-1.5390066297693714
13097,33,27,10515.41,1,Platinum,-0.4055041125939236,1.553294755665112,1.5946201972752279
13098,2,27,8610.8,1,Platinum,-1.3354638962975345,1.553294755665112,1.4857719887819671
13101,235,4,353.05,3,Gold,0.33665289783344715,0.17812112660243817,-0.2528542177968042
13102,2,37,7459.31,1,Platinum,-1.3354638962975345,1.7970612599687639,1.407576783871976
13103,40,3,601.28,2,Silver,-0.33379189688341554,0.0,0.03657681777257193
13104,4,6,279.18,2,Silver,-1.1397898640591078,0.44670524433488773,-0.3803350539677023
13106,134,2,248.9,0,Bronze,0.12269513897699648,-0.22963807175534695,-0.4426418770620614
13107,45,9,1953.8500000000001,1,Platinum,-0.28971407717663195,0.7314158822675506,0.6779670322521006
13108,373,2,394.4,0,Bronze,0.5130203605027174,-0.22963807175534695,-0.19267836914962821
13109,60,3,978.69,3,Gold,-0.18160367235153863,0.0,0.30161791556317774
13110,32,12,2402.67,1,Platinum,-0.4169394232008936,0.9408443783721279,0.7905631556235181
13111,719,1,181.0,0,Bronze,0.7639192737692683,-0.5532947556651122,-0.6153654262361823
13112,542,1,20.599999999999998,0,Bronze,0.6558435643345881,-0.5532947556651122,-1.776454184083038
13113,1,37,6733.33,1,Platinum,-1.4907791133584927,1.7970612599687639,1.3518033374080862
13114,731,1,195.73000000000002,0,Bronze,0.7702508965626492,-0.5532947556651122,-0.5729679240824433
13115,12,10,4464.29,1,Platinum,-0.7737769457562178,0.8074958608438627,1.127963432709569
13116,139,1,305.89,0,Bronze,0.13662592718895825,-0.5532947556651122,-0.33072930208792184
13117,22,18,1934.76,1,Platinum,-0.555227194461042,1.2437665043036517,0.6726208984881675
13118,20,9,2046.01,1,Platinum,-0.5900743396182883,0.7314158822675506,0.7030630882111081
13119,669,1,121.7,0,Bronze,0.7363495039090082,-0.5532947556651122,-0.8301512448479957
13120,239,1,30.6,0,Bronze,0.3430909394239001,-0.5532947556651122,-1.569186565193833
13121,270,1,268.61,0,Bronze,0.38962435568416953,-0.5532947556651122,-0.4012848487715861
13122,241,1,829.4200000000001,3,Gold,0.34626983283478935,-0.5532947556651122,0.2115639079882944
13123,473,2,446.5,3,Gold,0.6037856981128283,-0.22963807175534695,-0.12524672155226219
13124,90,4,3122.35,3,Gold,-0.028387389076971702,0.17812112660243817,0.9332451623185887
13125,524,1,113.17,0,Bronze,0.6429303935493013,-0.5532947556651122,-0.8694044311705963
13126,5,13,2794.45,1,Platinum,-1.0699507790131246,0.9999999999999998,0.8728223755240428
13127,78,1,259.17,0,Bronze,-0.08255575351694985,-0.5532947556651122,-0.42070132928842324
13129,453,2,103.95,0,Bronze,0.5872721730797016,-0.22963807175534695,-0.9152770476178095
13130,95,1,64.0,0,Bronze,-0.007898309875484755,-0.5532947556651122,-1.176277559401827
13131,24,7,2201.79,1,Platinum,-0.523287497475313,0.5532947556651121,0.743019450285745
13132,262,1,77.3,0,Bronze,0.37814620980093494,-0.5532947556651122,-1.0748618442277178
13133,274,3,145.1,0,Bronze,0.39523697562132815,0.0,-0.7350611253238404
13134,86,6,1687.47,3,Gold,-0.045606218572792845,0.44670524433488773,0.5981624042233936
13135,492,1,231.0,0,Bronze,0.618840447846408,-0.5532947556651122,-0.4831315310648884
13136,57,13,5439.92,1,Platinum,-0.200921435633751,0.9999999999999998,1.2356188340876173
13137,11,16,7129.11,1,Platinum,-0.8044376617287146,1.1549822427096075,1.382914599364236
13138,23,7,1251.18,1,Platinum,-0.5389245444443046,0.5532947556651121,0.4353087773725467
13139,17,8,4138.38,1,Platinum,-0.6491224446677566,0.6473133678195304,1.086675857301439
13140,109,5,835.37,3,Gold,0.04424772632194325,0.32365668390976515,0.21545333861945382
13141,85,17,5835.47,1,Platinum,-0.05003464312701457,1.2006081234846424,1.2738501356719896
13142,20,1,205.42000000000002,2,Silver,-0.5900743396182883,-0.5532947556651122,-0.5467747051659295
13143,585,1,405.1,0,Bronze,0.685036324446944,-0.5532947556651122,-0.1781320149231421
13144,333,2,71.6,0,Bronze,0.4696912304425719,-0.22963807175534695,-1.1160374885636335
13145,92,1,60.0,0,Bronze,-0.020059790287792888,-0.5532947556651122,-1.2108781499635886
13146,27,1,198.25,2,Silver,-0.47987643939483643,-0.5532947556651122,-0.5660339652569712
13148,30,24,6808.18,1,Platinum,-0.44088812463316107,1.4628317645351008,1.3578249539980454
13149,15,4,1136.32,2,Silver,-0.6942397615052628,0.17812112660243817,0.38289509035271735
13150,485,3,49.550000000000004,0,Bronze,0.6133625583683476,0.0,-1.313247542477113
13151,296,3,1799.66,3,Gold,0.4247172454898426,0.0,0.6332081124460065
13152,418,7,1857.18,3,Gold,0.5565411396297061,0.5532947556651121,0.6503381906872983
13153,6,1,131.10000000000002,2,Silver,-1.0109026739636562,-0.5532947556651122,-0.7899375779245746
13154,400,3,1119.8700000000001,3,Gold,0.539721412752482,0.0,0.3749580020778236
13155,34,6,1209.6,2,Silver,-0.3944003073798616,0.44670524433488773,0.4169117250796383
13156,386,3,1200.3500000000001,3,Gold,0.5261089082793118,0.0,0.41273319370690914
13157,50,9,3415.14,1,Platinum,-0.2501888955329656,0.7314158822675506,0.9820598945663546
13158,95,5,1417.34,3,Gold,-0.007898309875484755,0.32365668390976515,0.5031885112274193
13159,9,4,1229.25,2,Silver,-0.8742767467746977,0.17812112660243817,0.42568332776817447
13160,23,1,57.0,0,Bronze,-0.5389245444443046,-0.5532947556651122,-1.238351677767355
13161,314,2,426.73,3,Gold,0.4472563613108746,-0.22963807175534695,-0.14986209675709292
13162,123,15,3895.23,1,Platinum,0.09013810993565893,1.1065895113302244,1.0536969600137218
13163,611,1,17.65,0,Bronze,0.7016656733812224,-0.5532947556651122,-1.8564530236682806
13164,570,2,87.4,0,Bronze,0.6751035002201241,-0.22963807175534695,-1.008767219199025
13165,47,3,160.16,2,Silver,-0.2734114271598946,0.0,-0.6816151273105213
13166,284,2,684.9,3,Gold,0.4089189463788791,-0.22963807175534695,0.10740283722091558
13167,19,5,777.22,2,Silver,-0.6087636294902878,0.32365668390976515,0.1761957655833447
13168,37,5,1488.38,3,Gold,-0.36289863726587396,0.32365668390976515,0.5298132225307187
13169,64,3,222.4,2,Silver,-0.1572745791724231,0.0,-0.5037096259535441
13170,27,1,101.97,0,Bronze,-0.47987643939483643,-0.5532947556651122,-0.9256530522809002
13171,22,3,268.04,2,Silver,-0.555227194461042,0.0,-0.4024378146627153
13173,5,11,1820.92,1,Platinum,-1.0699507790131246,0.8769514395748774,0.6396024913489811
13174,17,11,6789.53,1,Platinum,-0.6491224446677566,0.8769514395748774,1.356330792412243
13175,583,2,616.35,3,Gold,0.6837267352821585,-0.22963807175534695,0.05004023681871076
13176,47,1,322.16,2,Silver,-0.2734114271598946,-0.5532947556651122,-0.30258715642658
13177,65,2,512.2,2,Silver,-0.1514263059164838,-0.22963807175534695,-0.05061832563277674
13178,27,21,11515.52,1,Platinum,-0.47987643939483643,1.360790616508975,1.6441107336554626
13179,619,1,496.95000000000005,0,Bronze,0.7066404765194538,-0.5532947556651122,-0.06705202338181082
13180,608,1,56.1,0,Bronze,0.6997833381064534,-0.5532947556651122,-1.2468713746404931
13181,382,1,288.89,0,Bronze,0.5221290859067854,-0.5532947556651122,-0.3617749179815333
13182,46,1,68.68,0,Bronze,-0.281476029400742,-0.5532947556651122,-1.1384014165668297
13183,8,14,1528.29,1,Platinum,-0.9146355619521664,1.0550725661773155,0.5442190928597676
13184,15,9,1107.38,1,Platinum,-0.6942397615052628,0.7314158822675506,0.3688534147143464
13185,268,1,71.4,0,Bronze,0.3867869022832951,-0.5532947556651122,-1.1175403203586465
13186,40,3,1389.0400000000002,2,Silver,-0.33379189688341554,0.0,0.4922087379913786
13187,338,4,272.56,3,Gold,0.4753830804508745,0.17812112660243817,-0.39336134840891934
13189,19,2,78.72,2,Silver,-0.6087636294902878,-0.22963807175534695,-1.0650706405870745
13190,545,3,210.6,0,Bronze,0.6579540625528064,0.0,-0.5332725518320071
13191,659,1,164.69,0,Bronze,0.7305891779517211,-0.5532947556651122,-0.6665134346185413
13192,96,6,2023.15,3,Gold,-0.003928798108388237,0.44670524433488773,0.6969450705616168
13193,62,1,95.13,0,Bronze,-0.16924600527292027,-0.5532947556651122,-0.9630989194170452
13194,136,2,162.7,0,Bronze,0.12832839428870058,-0.22963807175534695,-0.6730960132555632
13195,415,1,126.78,0,Bronze,0.553788640665832,-0.5532947556651122,-0.8080509372139985
13196,12,7,2323.1600000000003,1,Platinum,-0.7737769457562178,0.5532947556651121,0.7722379458182148
13197,610,1,261.61,0,Bronze,0.7010392554859429,-0.5532947556651122,-0.4156159643850462
13198,11,8,4097.29,1,Platinum,-0.8044376617287146,0.6473133678195304,1.0812410586512373
13199,8,31,2016.3200000000002,1,Platinum,-0.9146355619521664,1.6598842669953369,0.6951037480462336
13200,20,4,592.41,2,Silver,-0.5900743396182883,0.17812112660243817,0.02849403149589654
13201,503,4,648.74,3,Gold,0.6272933465803097,0.17812112660243817,0.07789799811030744
13202,395,7,1219.95,3,Gold,0.5349151457132943,0.5532947556651121,0.42154948084717414
13203,10,10,1854.01,1,Platinum,-0.8377677575462616,0.8074958608438627,0.6494080250287545
13204,732,1,828.36,3,Gold,0.7707738378829085,-0.5532947556651122,0.21086807742094898
13206,401,13,5994.96,1,Platinum,0.5406754716705815,0.9999999999999998,1.2885371637021996
13207,16,4,496.02000000000004,2,Silver,-0.6710172298783336,0.17812112660243817,-0.06807042995717345
13208,59,9,1682.3700000000001,1,Platinum,-0.18793529514491986,0.7314158822675506,0.596514425293307
13209,31,12,5291.4800000000005,1,Platinum,-0.42872664422085277,0.9408443783721279,1.2205496607905573
13210,94,1,277.4,0,Bronze,-0.011909387966489077,-0.5532947556651122,-0.3838070897840913
13211,11,9,1020.73,1,Platinum,-0.8044376617287146,0.7314158822675506,0.32450742380294995
13212,20,3,627.13,2,Silver,-0.5900743396182883,0.0,0.0594708722018053
13213,57,11,2668.31,1,Platinum,-0.200921435633751,0.8769514395748774,0.8476683795268597
13214,418,7,2612.4900000000002,3,Gold,0.5565411396297061,0.5532947556651121,0.8361553416784488
13216,268,1,10.5,0,Bronze,0.3867869022832951,-0.5532947556651122,-2.1198518223433043
13217,123,1,52.02,0,Bronze,0.09013810993565893,-0.5532947556651122,-1.287258310891061
13218,128,1,49.8,0,Bronze,0.1052805739339436,-0.5532947556651122,-1.3105599387024027
13219,619,1,76.23,0,Bronze,0.7066404765194538,-0.5532947556651122,-1.0823577576789085
13220,79,4,876.89,3,Gold,-0.07773739492146804,0.17812112660243817,0.2418478546733931
13221,241,2,638.1600000000001,3,Gold,0.34626983283478935,-0.22963807175534695,0.06895415227917333
13223,201,2,77.4,0,Bronze,0.27706337296579,-0.22963807175534695,-1.0741665331183787
13224,61,2,1780.96,3,Gold,-0.17537500734875106,-0.22963807175534695,0.6275209856571111
13225,475,6,1424.0,3,Gold,0.6053985613697327,0.44670524433488773,0.5057405915242291
13226,274,2,282.8,0,Bronze,0.39523697562132815,-0.22963807175534695,-0.3733414837845678
13227,202,1,196.5,0,Bronze,0.2789550037610853,-0.5532947556651122,-0.570839835442887
13229,226,1,139.05,0,Bronze,0.3217590557952916,-0.5532947556651122,-0.7581006998709214
13230,5,30,4872.9800000000005,1,Platinum,-1.0699507790131246,1.6345413257422818,1.1756731273424736
13232,13,7,1116.27,2,Silver,-0.7453895566792464,0.5532947556651121,0.3732054790541453
13233,75,4,546.81,3,Gold,-0.09738551998146396,0.17812112660243817,-0.015064663833030284
13234,673,2,323.8,0,Bronze,0.7386295966982837,-0.22963807175534695,-0.29982947125047693
13235,213,1,908.37,3,Gold,0.2991688012708128,-0.5532947556651122,0.2610407286372181
13236,25,2,356.95000000000005,2,Silver,-0.5082638284718078,-0.22963807175534695,-0.24688610444895767
13237,388,1,623.1,0,Bronze,0.5280834201646555,-0.5532947556651122,0.055964398812948554
13238,24,5,799.58,2,Silver,-0.523287497475313,0.32365668390976515,0.19162775180779926
13239,262,5,1015.16,3,Gold,0.37814620980093494,0.32365668390976515,0.32152943099668424
13240,97,8,1409.5,3,Gold,0.0,0.6473133678195304,0.5001688592229484
13241,412,1,112.53,0,Bronze,0.5510162199438734,-0.5532947556651122,-0.8724668613285663
13242,113,7,699.4,3,Gold,0.05792969707949422,0.5532947556651121,0.11879942193461537
13243,204,5,1024.15,3,Gold,0.28271046970037933,0.32365668390976515,0.3263278883832855
13244,93,1,111.79,0,Bronze,-0.015962912116332044,-0.5532947556651122,-0.8760293905791958
13245,51,2,748.27,2,Silver,-0.24275071118739783,-0.22963807175534695,0.15554337612261168
13246,19,10,1889.6,1,Platinum,-0.6087636294902878,0.8074958608438627,0.6597610344336245
13247,18,4,414.71999999999997,2,Silver,-0.628411754550284,0.17812112660243817,-0.16537743060357982
13248,125,2,393.71,3,Gold,0.09626711201148971,-0.22963807175534695,-0.1936298712440348
13249,94,1,115.23,0,Bronze,-0.011909387966489077,-0.5532947556651122,-0.8596625141830163
13250,461,2,253.09,0,Bronze,0.5939632507627625,-0.22963807175534695,-0.4335835037360161
13251,403,1,242.6,0,Bronze,0.5425764902501999,-0.5532947556651122,-0.4565518117966735
13252,395,2,267.55,0,Bronze,0.5349151457132943,-0.22963807175534695,-0.4034309149890911
13253,157,4,650.07,3,Gold,0.18295736376746013,0.17812112660243817,0.0790120002661374
13254,377,1,44.45,0,Bronze,0.5170954463568579,-0.5532947556651122,-1.371184557254312
13255,10,3,279.46000000000004,2,Silver,-0.8377677575462616,0.0,-0.37979089963286294
13257,437,1,81.95,0,Bronze,0.5735288350587067,-0.5532947556651122,-1.043433481050145
13258,12,4,587.83,2,Silver,-0.7737769457562178,0.17812112660243817,0.024273082471286848
13259,62,9,1183.49,3,Gold,-0.16924600527292027,0.7314158822675506,0.40503353296205913
13260,62,1,82.32000000000001,0,Bronze,-0.16924600527292027,-0.5532947556651122,-1.041008900315239
13261,269,2,772.5,3,Gold,0.3882082562614065,-0.22963807175534695,0.17288157036633223
13262,264,3,445.88,3,Gold,0.3810481513891017,0.0,-0.12600201859789406
13263,2,38,7569.87,1,Platinum,-1.3354638962975345,1.8177958179470048,1.4155909970883904
13264,443,1,662.46,3,Gold,0.578740540727189,-0.5532947556651122,0.08928179519466467
13265,54,5,907.82,3,Gold,-0.22126539096246675,0.32365668390976515,0.2607111405212823
13266,12,18,3297.42,1,Platinum,-0.7737769457562178,1.2437665043036517,0.9629558508584147
13267,3,36,7545.84,1,Platinum,-1.2252659960740826,1.775773715754242,1.41385912332765
13268,18,10,2440.76,1,Platinum,-0.628411754550284,0.8074958608438627,0.7991283199743829
13269,2,26,5946.21,1,Platinum,-1.3354638962975345,1.5242648073944076,1.284089770542208
13271,38,1,211.49,2,Silver,-0.3529486114108498,-0.5532947556651122,-0.5309860017498065
13272,32,2,171.10000000000002,2,Silver,-0.4169394232008936,-0.22963807175534695,-0.6458352939786379
13273,114,1,123.28999999999999,0,Bronze,0.0612751721227529,-0.5532947556651122,-0.8231371463638506
13274,410,1,223.75,0,Bronze,0.5491567286340684,-0.5532947556651122,-0.5004274656594573
13275,384,2,193.91,0,Bronze,0.5241241657167796,-0.22963807175534695,-0.5780312464470133
13276,64,5,1542.4,3,Gold,-0.1572745791724231,0.32365668390976515,0.5492224260526201
13277,16,6,323.8,2,Silver,-0.6710172298783336,0.44670524433488773,-0.29982947125047693
13278,41,4,1107.16,2,Silver,-0.3245612223338783,0.17812112660243817,0.36874527251069494
13279,79,1,128.39000000000001,0,Bronze,-0.07773739492146804,-0.5532947556651122,-0.8012297597121565
13280,123,7,1753.47,3,Gold,0.09013810993565893,0.5532947556651121,0.6190513149177478
13281,440,1,344.55,0,Bronze,0.576143551406326,-0.5532947556651122,-0.266092712378338
13282,19,4,1183.09,2,Silver,-0.6087636294902878,0.17812112660243817,0.4048495320212783
13283,60,4,347.5,2,Silver,-0.18160367235153863,0.17812112660243817,-0.26146163562697855
13284,331,1,152.54,0,Bronze,0.46739059615387146,-0.5532947556651122,-0.7080022010575252
13285,24,6,2937.55,1,Platinum,-0.523287497475313,0.44670524433488773,0.9000193277319325
13286,601,1,467.21000000000004,0,Bronze,0.6953549135522317,-0.5532947556651122,-0.10060084259177178
13287,604,3,750.89,3,Gold,0.6972590821341742,0.0,0.15744499226136247
13288,521,1,68.0,0,Bronze,0.6407352330569853,-0.5532947556651122,-1.143743942835801
13289,724,1,236.25,0,Bronze,0.7665701802494287,-0.5532947556651122,-0.47094103862105113
13291,156,11,2670.9500000000003,1,Platinum,0.18052526380285028,0.8769514395748774,0.8482069076018385
13292,39,5,704.14,2,Silver,-0.3432505122058779,0.32365668390976515,0.12247380883707251
13293,393,6,1083.79,3,Gold,0.5329756253286786,0.44670524433488773,0.3571336066455629
13294,190,3,1298.2,3,Gold,0.2556145184896223,0.0,0.4553906754519898
13295,360,4,921.49,3,Gold,0.4994687215423347,0.17812112660243817,0.2688443661424308
13296,138,6,653.38,3,Gold,0.13388000533993724,0.44670524433488773,0.08177459250747689
13297,8,6,2005.46,1,Platinum,-0.9146355619521664,0.44670524433488773,0.6921630884263803
13299,269,3,825.12,3,Gold,0.3882082562614065,0.0,0.20873567222422718
13300,170,3,906.3100000000001,3,Gold,0.21324491414045238,0.0,0.25980524477408734
13301,104,4,519.6899999999999,3,Gold,0.02642802696550642,0.17812112660243817,-0.04272494243948295
13303,401,1,51.769999999999996,0,Bronze,0.5406754716705815,-0.5532947556651122,-1.2898331156662426
13304,352,4,1032.88,3,Gold,0.49088450891691054,0.17812112660243817,0.3309474660985809
13305,5,16,2287.83,1,Platinum,-1.0699507790131246,1.1549822427096075,0.7638931114331825
13306,431,1,38.4,0,Bronze,0.5682452415308415,-0.5532947556651122,-1.449004202622491
13307,121,2,217.24,0,Bronze,0.08390944493287138,-0.22963807175534695,-0.5164402346472845
13308,23,4,1086.99,2,Silver,-0.5389245444443046,0.17812112660243817,0.35873826522775254
13309,8,6,1285.54,2,Silver,-0.9146355619521664,0.44670524433488773,0.45005609304848126
13310,29,5,1302.88,2,Silver,-0.4534484124293297,0.32365668390976515,0.45734955129937793
13311,5,2,213.25,2,Silver,-1.0699507790131246,-0.22963807175534695,-0.5264923451270827
13312,452,1,94.75,0,Bronze,0.5864275102069142,-0.5532947556651122,-0.9652566765477456
13313,23,12,2989.7400000000002,1,Platinum,-0.5389245444443046,0.9408443783721279,0.9096098868529687
13314,2,3,635.41,2,Silver,-1.3354638962975345,0.0,0.06660518387029973
13315,690,1,286.62,0,Bronze,0.7481713732449965,-0.5532947556651122,-0.3660576084904817
13316,38,6,492.32,2,Silver,-0.3529486114108498,0.44670524433488773,-0.07214111526801328
13317,67,19,4745.621,1,Platinum,-0.1399909953095136,1.2847106379326625,1.1612486224687084
13318,2,3,458.48,2,Silver,-1.3354638962975345,0.0,-0.11085434634834665
13319,6,58,16753.62,1,Platinum,-1.0109026739636562,2.148246037331506,1.8483427011028084
13320,79,6,2124.3,3,Gold,-0.07773739492146804,0.44670524433488773,0.7235100511074748
13321,87,1,197.84,0,Bronze,-0.04122840569303163,-0.5532947556651122,-0.567156115086718
13322,18,1,171.98000000000002,2,Silver,-0.628411754550284,-0.5532947556651122,-0.6430567841965192
13323,4,5,583.85,2,Silver,-1.1397898640591078,0.32365668390976515,0.020578348799109403
13324,37,10,782.15,1,Platinum,-0.36289863726587396,0.8074958608438627,0.17963602060793257
13325,82,1,450.3,2,Silver,-0.06363563841494821,-0.5532947556651122,-0.1206402199513658
13326,433,1,185.70000000000002,0,Bronze,0.5700145493304952,-0.5532947556651122,-0.601475614735179
13327,39,19,6651.91,1,Platinum,-0.3432505122058779,1.2847106379326625,1.345176695395948
13328,317,1,165.6,0,Bronze,0.450887236435085,-0.5532947556651122,-0.6635296098670976
13329,32,7,931.08,2,Silver,-0.4169394232008936,0.5532947556651121,0.27447850250256106
13330,93,6,1997.1200000000001,3,Gold,-0.015962912116332044,0.44670524433488773,0.6898939666149929
13331,402,1,165.5,0,Bronze,0.5416271602535235,-0.5532947556651122,-0.6638567045513246
13332,15,1,328.32,2,Silver,-0.6942397615052628,-0.5532947556651122,-0.29230049330246455
13333,412,3,820.35,3,Gold,0.5510162199438734,0.0,0.2055810294799004
13334,83,5,5213.45,1,Platinum,-0.05904810504946846,0.32365668390976515,1.2124579219344402
13336,78,1,643.1800000000001,2,Silver,-0.08255575351694985,-0.5532947556651122,0.07321614111020046
13337,547,1,1124.99,3,Gold,0.6593546288575206,-0.5532947556651122,0.37744080818996983
13338,158,4,1477.2,3,Gold,0.185374119150675,0.17812112660243817,0.5257084459046794
13339,201,1,702.66,3,Gold,0.27706337296579,-0.5532947556651122,0.12132919066085927
13340,46,10,2488.7400000000002,1,Platinum,-0.281476029400742,0.8074958608438627,0.8097292267646694
13341,261,1,607.35,3,Gold,0.3766869529595871,-0.5532947556651122,0.04203979014982989
13343,178,1,280.85,0,Bronze,0.23075902556077962,-0.5532947556651122,-0.37709757946115563
13344,68,3,1704.93,3,Gold,-0.13439886011567378,0.0,0.6037668562600268
13345,288,1,299.7,0,Bronze,0.4142577708862354,-0.5532947556651122,-0.34182981799392254
13346,463,2,99.0,0,Bronze,0.595617916219479,-0.22963807175534695,-0.9415972878717287
13348,65,1,233.76000000000002,0,Bronze,-0.1514263059164838,-0.5532947556651122,-0.4766888205416984
13349,11,1,142.12,2,Silver,-0.8044376617287146,-0.5532947556651122,-0.7462878072307622
13350,17,2,436.07,2,Silver,-0.6491224446677566,-0.22963807175534695,-0.13809427211924405
13351,67,1,293.94,0,Bronze,-0.1399909953095136,-0.5532947556651122,-0.35236641263673446
13352,61,1,301.3,2,Silver,-0.17537500734875106,-0.5532947556651122,-0.3389387933373477
13354,72,1,661.81,2,Silver,-0.11281261657107146,-0.5532947556651122,0.0887478095876766
13355,123,1,633.9,3,Gold,0.09013810993565893,-0.5532947556651122,0.0653110661193859
13356,81,1,589.59,2,Silver,-0.06827877959900555,-0.5532947556651122,0.02589897789255835
13357,258,5,2959.3,3,Gold,0.37227552849224704,0.32365668390976515,0.9040366991232491
13358,269,1,318.57,0,Bronze,0.3882082562614065,-0.5532947556651122,-0.30867296796810156
13359,64,2,906.96,2,Silver,-0.1572745791724231,-0.22963807175534695,0.26019538456846797
13360,432,4,760.24,3,Gold,0.5691309169718763,0.17812112660243817,0.1641776882186923
13361,473,2,1268.7,3,Gold,0.6037856981128283,-0.22963807175534695,0.4428782352626654
13362,10,7,4802.1900000000005,1,Platinum,-0.8377677575462616,0.5532947556651121,1.1677027406065947
13363,18,3,1298.97,2,Silver,-0.628411754550284,0.0,0.45571345362428006
13364,72,1,134.96,0,Bronze,-0.11281261657107146,-0.5532947556651122,-0.7742471995248298
13365,34,2,1723.31,2,Silver,-0.3944003073798616,-0.22963807175534695,0.6096049795518061
13367,432,1,311.40000000000003,0,Bronze,0.5691309169718763,-0.5532947556651122,-0.32103498774817674
13368,257,4,853.44,3,Gold,0.3707936912183536,0.17812112660243817,0.22709803008296597
13369,366,1,172.70000000000002,0,Bronze,0.5057829489787685,-0.5532947556651122,-0.6407939515341202
13370,372,1,625.75,0,Bronze,0.5119947790129729,-0.5532947556651122,0.05827268363914469
13371,506,2,1480.76,3,Gold,0.6295666734758351,-0.22963807175534695,0.5270188718136092
13372,90,1,292.02000000000004,0,Bronze,-0.028387389076971702,-0.5532947556651122,-0.3559243893154064
13373,61,6,5697.9800000000005,1,Platinum,-0.17537500734875106,0.44670524433488773,1.2608632432393716
13374,415,2,372.8,0,Bronze,0.553788640665832,-0.22963807175534695,-0.2232822691866715
13375,89,2,1067.74,3,Gold,-0.032620078083961696,-0.22963807175534695,0.34901315363320035
13376,100,3,782.95,3,Gold,0.011550255681379957,0.0,0.18019223397278492
13377,397,2,1063.78,3,Gold,0.5368448951729259,-0.22963807175534695,0.346990846693486
13379,27,3,501.64,2,Silver,-0.47987643939483643,0.0,-0.06194499853305255
13380,433,1,32.4,0,Bronze,0.5700145493304952,-0.5532947556651122,-1.5390066297693714
13381,32,12,5633.51,1,Platinum,-0.4169394232008936,0.9408443783721279,1.2546653114153483
13382,281,5,1215.63,3,Gold,0.4048654222290361,0.32365668390976515,0.41961852017103785
13384,31,11,3723.02,1,Platinum,-0.42872664422085277,0.8769514395748774,1.0290699774496095
13385,330,1,373.79,0,Bronze,0.4662350765518357,-0.5532947556651122,-0.22184135030494756
13386,415,2,484.1,3,Gold,0.553788640665832,-0.22963807175534695,-0.08129498694356678
13387,418,1,176.99,0,Bronze,0.5565411396297061,-0.5532947556651122,-0.627502668069237
13388,132,3,984.95,3,Gold,0.11697780212896233,0.0,0.30508783927020927
13389,12,3,617.58,2,Silver,-0.7737769457562178,0.0,0.051124561857965274
13390,75,1,165.48,0,Bronze,-0.09738551998146396,-0.5532947556651122,-0.6639221470620901
13392,678,1,91.14,0,Bronze,0.741460758570858,-0.5532947556651122,-0.9861932251860376
13393,584,4,884.55,3,Gold,0.6843820895183133,0.17812112660243817,0.24658066303279572
13394,2,19,4653.92,1,Platinum,-1.3354638962975345,1.2847106379326625,1.1506209807167385
13395,186,3,700.11,3,Gold,0.24750724321830736,0.0,0.11935138534699256
13396,30,2,728.6700000000001,2,Silver,-0.44088812463316107,-0.22963807175534695,0.1411029818958235
13397,73,10,1922.19,1,Platinum,-0.10760091090258887,0.8074958608438627,0.6690718186582162
13398,193,2,587.27,3,Gold,0.26158431917602176,-0.22963807175534695,0.02375473282565604
13399,465,3,249.9,0,Bronze,0.597265464813531,0.0,-0.4404662504475853
13400,583,1,303.15,0,Bronze,0.6837267352821585,-0.5532947556651122,-0.33561505993920954
13402,128,4,1026.21,3,Gold,0.1052805739339436,0.17812112660243817,0.3274214970173556
13403,18,3,129.0,2,Silver,-0.628411754550284,0.0,-0.7986674860505938
13404,2,2,188.74,2,Silver,-1.3354638962975345,-0.22963807175534695,-0.5926765732347418
13405,75,6,859.6510000000001,3,Gold,-0.09738551998146396,0.44670524433488773,0.23104373284363416
13406,428,1,105.0,0,Bronze,0.5655758616857911,-0.5532947556651122,-0.9098537746787357
13407,600,2,1127.5,3,Gold,0.6947180813895958,-0.22963807175534695,0.37865384420015535
13408,2,77,9963.082,1,Platinum,-1.3354638962975345,2.371090573612117,1.56522948567656
13410,25,7,555.04,2,Silver,-0.5082638284718078,0.5532947556651121,-0.006941112549695425
13411,108,1,203.60000000000002,0,Bronze,0.04074948778409843,-0.5532947556651122,-0.5515992836692414
13412,621,1,360.35,0,Bronze,0.7078741473365078,-0.5532947556651122,-0.24173595066708675
13413,640,5,146.63,0,Bronze,0.719400012412493,0.32365668390976515,-0.7293857425289682
13414,134,5,547.5,3,Gold,0.12269513897699648,0.32365668390976515,-0.01437891689287448
13415,631,3,507.07,3,Gold,0.7139835983362801,0.0,-0.056091364712079386
13416,44,3,940.8000000000001,2,Silver,-0.2981331953683717,0.0,0.2801301685254953
13417,5,5,1449.64,2,Silver,-1.0699507790131246,0.32365668390976515,0.5154555985709067
13418,12,31,7423.08,1,Platinum,-0.7737769457562178,1.6598842669953369,1.4049247060926258
13419,64,1,152.12,0,Bronze,-0.1572745791724231,-0.5532947556651122,-0.7094944474460587
13420,150,2,100.6,0,Bronze,0.16559917586154602,-0.22963807175534695,-0.9329498653511693
13421,41,8,3135.07,1,Platinum,-0.3245612223338783,0.6473133678195304,0.9354592852089066
13422,65,1,2122.96,3,Gold,-0.1514263059164838,-0.5532947556651122,0.7231664618210178
13423,429,1,177.07999999999998,0,Bronze,0.5664677234567803,-0.5532947556651122,-0.6272272735835271
13424,450,1,439.33,0,Bronze,0.5847325762132254,-0.5532947556651122,-0.1340459964865709
13425,109,5,2127.78,3,Gold,0.04424772632194325,0.32365668390976515,0.7244013467718861
13426,1,22,4792.75,1,Platinum,-1.4907791133584927,1.3962735958823376,1.166631005491061
13427,20,6,618.26,2,Silver,-0.5900743396182883,0.44670524433488773,0.05172310099034056
13428,11,3,465.34000000000003,2,Silver,-0.8044376617287146,0.0,-0.10278099949428028
13429,11,4,601.65,2,Silver,-0.8044376617287146,0.17812112660243817,0.03691138856591991
13430,19,2,501.25,2,Silver,-0.6087636294902878,-0.22963807175534695,-0.06236785620095748
13431,68,8,1839.24,1,Platinum,-0.13439886011567378,0.6473133678195304,0.645053035768406
13432,572,2,429.15,0,Bronze,0.6764428528349905,-0.22963807175534695,-0.14678856233948875
13433,502,4,421.92,3,Gold,0.6265325628990522,0.17812112660243817,-0.15602303569730994
13434,75,5,467.82000000000005,3,Gold,-0.09738551998146396,0.32365668390976515,-0.09989155149783861
13435,6,9,1507.45,1,Platinum,-1.0109026739636562,0.7314158822675506,0.5367442505685354
13436,2,1,120.03999999999999,2,Silver,-1.3354638962975345,-0.5532947556651122,-0.8375717949545513
13437,15,7,2400.54,1,Platinum,-0.6942397615052628,0.5532947556651121,0.7900801909498182
13438,548,1,46.5,0,Bronze,0.6600529963391973,-0.5532947556651122,-1.3471507262099809
13439,256,3,833.8,3,Gold,0.36930609922216334,0.0,0.21442974574193582
13440,424,7,1063.2,3,Gold,0.5619875032892562,0.5532947556651121,0.34669401892399915
13441,92,2,516.56,3,Gold,-0.020059790287792888,-0.22963807175534695,-0.046009613009689816
13442,668,3,279.02,0,Bronze,0.7357773537539475,0.0,-0.3806462435114521
13443,449,5,940.83,3,Gold,0.5838822884998331,0.32365668390976515,0.2801475214933372
13444,375,2,612.78,3,Gold,0.515063322452488,-0.22963807175534695,0.046880771263311506
13445,627,1,93.0,0,Bronze,0.7115514983716703,-0.5532947556651122,-0.9753055339584394
13446,431,11,2771.73,3,Gold,0.5682452415308415,0.8769514395748774,0.868376619996951
13447,24,3,1006.07,2,Silver,-0.523287497475313,0.0,0.3166342398439162
13448,17,12,6682.33,1,Platinum,-0.6491224446677566,0.9408443783721279,1.3476619716272649
13449,24,1,255.88,2,Silver,-0.523287497475313,-0.5532947556651122,-0.4276342673894834
13450,27,13,1296.2,1,Platinum,-0.47987643939483643,0.9999999999999998,0.4545513960066614
13451,27,11,6455.84,1,Platinum,-0.47987643939483643,0.8769514395748774,1.3288800870073625
13453,166,3,566.69,3,Gold,0.20417811315816187,0.0,0.0043549637200922895
13454,642,1,188.37,0,Bronze,0.7205933294448572,-0.5532947556651122,-0.5937399440277982
13455,25,6,1620.19,1,Platinum,-0.5082638284718078,0.44670524433488773,0.576010526716034
13456,18,5,1048.24,2,Silver,-0.628411754550284,0.32365668390976515,0.33898148601376216
13457,689,2,101.42,0,Bronze,0.7476166237525307,-0.22963807175534695,-0.9285706978849448
13458,8,16,7667.37,1,Platinum,-0.9146355619521664,1.1549822427096075,1.4225620011977442
13459,625,2,761.23,3,Gold,0.7103296330370966,-0.22963807175534695,0.16488571462463095
13460,30,2,99.44,2,Silver,-0.44088812463316107,-0.22963807175534695,-0.9392055306943435
13461,39,6,688.0,2,Silver,-0.3432505122058779,0.44670524433488773,0.10985946536910612
13462,253,5,1048.25,3,Gold,0.3648083435442054,0.32365668390976515,0.338986678091687
13464,59,6,2443.86,3,Gold,-0.18793529514491986,0.44670524433488773,0.7998195160916223
13465,447,2,320.68,0,Bronze,0.5821760297428034,-0.22963807175534695,-0.3050878392702088
13466,185,5,760.34,3,Gold,0.2454533269966171,0.32365668390976515,0.16424924783211098
13467,11,2,850.0500000000001,2,Silver,-0.8044376617287146,-0.22963807175534695,0.22493232558382484
13468,2,71,10086.720000000001,1,Platinum,-1.3354638962975345,2.307197634814867,1.571947673994208
13469,654,1,62.5,0,Bronze,0.7276762022589719,-0.5532947556651122,-1.188996647178163
13470,100,2,165.0,0,Bronze,0.011550255681379957,-0.22963807175534695,-0.6654951303884576
13471,2,4,2134.39,2,Silver,-1.3354638962975345,0.17812112660243817,0.7260902913662436
13472,464,2,525.28,3,Gold,0.5964425762960016,-0.22963807175534695,-0.03690753069783822
13473,61,7,1017.38,3,Gold,-0.17537500734875106,0.5532947556651121,0.3227183027810234
13474,237,3,540.44,3,Gold,0.3398854440853227,0.0,-0.021436504694378997
13475,192,4,1068.88,3,Gold,0.2596047051701011,0.17812112660243817,0.3495939439599216
13476,179,5,1413.92,3,Gold,0.2328930392004483,0.32365668390976515,0.5018733227581403
13477,38,10,1979.8,1,Platinum,-0.3529486114108498,0.8074958608438627,0.6851511806142621
13478,470,5,1850.77,3,Gold,0.6013535981482184,0.32365668390976515,0.6484556754027176
13479,201,4,539.43,3,Gold,0.27706337296579,0.17812112660243817,-0.02245367700133831
13480,417,2,541.0600000000001,3,Gold,0.555625835830767,-0.22963807175534695,-0.020813041346713818
13481,46,11,3383.38,1,Platinum,-0.281476029400742,0.8769514395748774,0.9769713962522443
13482,233,2,329.13,0,Bronze,0.33339284021892834,-0.22963807175534695,-0.2909621994882589
13483,66,1,80.1,0,Bronze,-0.14566597995919667,-0.5532947556651122,-1.0557209380381583
13484,242,3,749.99,3,Gold,0.3478494410839376,0.0,0.1567925135261307
13485,234,11,2101.9500000000003,3,Gold,0.3350263371830528,0.8769514395748774,0.7177507601344311
13486,79,3,888.69,3,Gold,-0.07773739492146804,0.0,0.24912158986497956
13487,58,5,795.47,3,Gold,-0.19437333673537285,0.32365668390976515,0.18882378819534246
13488,18,23,9687.53,1,Platinum,-0.628411754550284,1.4302461952399896,1.5499517196199448
13489,158,2,128.64000000000001,0,Bronze,0.185374119150675,-0.22963807175534695,-0.8001781897214885
13490,655,1,66.2,0,Bronze,0.7282605722542241,-0.5532947556651122,-1.1581441516519937
13491,52,27,3830.69,1,Platinum,-0.23545421519469298,1.553294755665112,1.0445973129805946
13492,137,3,1256.64,3,Gold,0.1311142571687362,0.0,0.4376790530387865
13493,288,1,14.85,0,Bronze,0.4142577708862354,-0.5532947556651122,-1.945075385358925
13494,312,1,275.70000000000005,0,Bronze,0.44481651575268666,-0.5532947556651122,-0.3871438665872976
13495,8,10,1917.47,1,Platinum,-0.9146355619521664,0.8074958608438627,0.6677331552343514
13496,11,2,509.83,2,Silver,-0.8044376617287146,-0.22963807175534695,-0.05313997412423826
13497,283,6,1105.33,3,Gold,0.4075725321364264,0.44670524433488773,0.36784489306736806
13498,731,1,173.75,0,Bronze,0.7702508965626492,-0.5532947556651122,-0.6375107446431495
13499,18,5,537.97,2,Silver,-0.628411754550284,0.32365668390976515,-0.023927410016285417
13500,24,4,1093.54,2,Silver,-0.523287497475313,0.17812112660243817,0.3620081352347542
13501,289,3,2002.5900000000001,3,Gold,0.41558093095004384,0.0,0.6913832937085237
13502,17,5,368.96000000000004,2,Silver,-0.6491224446677566,0.32365668390976515,-0.2289076298406047
13503,72,5,1363.44,3,Gold,-0.11281261657107146,0.32365668390976515,0.48208220101720317
13504,65,1,239.9,0,Bronze,-0.1514263059164838,-0.5532947556651122,-0.4626236834721235
13505,73,4,2734.58,3,Gold,-0.10760091090258887,0.17812112660243817,0.8610281802901513
13506,317,5,1068.06,3,Gold,0.450887236435085,0.32365668390976515,0.3491762450159026
13507,4,4,1981.53,2,Silver,-1.1397898640591078,0.17812112660243817,0.685626772024327
13508,244,2,236.14,0,Bronze,0.35098924929938485,-0.22963807175534695,-0.47119368045961224
13509,9,6,401.26,2,Silver,-0.8742767467746977,0.44670524433488773,-0.1833078184456962
13510,2,10,3712.4700000000003,1,Platinum,-1.3354638962975345,0.8074958608438627,1.0275244580456027
13511,677,1,65.45,0,Bronze,0.7408961977352845,-0.5532947556651122,-1.1642584266106106
13512,261,4,483.47,3,Gold,0.3766869529595871,0.17812112660243817,-0.0820029482910425
13513,127,3,660.65,3,Gold,0.10229959034796707,0.0,0.08779354818207764
13514,74,3,494.8,2,Silver,-0.10245916312994499,0.0,-0.06940929757545464
13515,73,6,1007.46,3,Gold,-0.10760091090258887,0.44670524433488773,0.31738564419964105
13516,73,3,814.5600000000001,3,Gold,-0.10760091090258887,0.0,0.20172710075040928
13517,60,3,1845.25,3,Gold,-0.18160367235153863,0.0,0.6468293095376176
13518,86,1,559.36,2,Silver,-0.045606218572792845,-0.5532947556651122,-0.0027249806164689498
13519,79,2,286.21,2,Silver,-0.07773739492146804,-0.22963807175534695,-0.3668347365866634
13520,59,11,2751.7000000000003,1,Platinum,-0.18793529514491986,0.8769514395748774,0.86442691302833
13521,2,3,1019.13,2,Silver,-1.3354638962975345,0.0,0.32365365119684963
13522,31,1,125.80000000000001,0,Bronze,-0.42872664422085277,-0.5532947556651122,-0.8122451653052252
13523,34,6,2684.62,1,Platinum,-0.3944003073798616,0.44670524433488773,0.8509869390506204
13524,41,5,520.94,2,Silver,-0.3245612223338783,0.32365668390976515,-0.04141868700557245
13525,15,1,90.0,2,Silver,-0.6942397615052628,-0.5532947556651122,-0.9929754995874156
13526,739,2,185.78,0,Bronze,0.7744145729656157,-0.22963807175534695,-0.6012422309123043
13527,34,12,3943.7400000000002,1,Platinum,-0.3944003073798616,0.9408443783721279,1.060437817249902
13529,79,2,206.06,0,Bronze,-0.07773739492146804,-0.22963807175534695,-0.5450882534208654
13530,635,1,257.18,0,Bronze,0.716400353719495,-0.5532947556651122,-0.42488425559219056
13531,206,6,1229.6200000000001,3,Gold,0.286429474229694,0.44670524433488773,0.425847145595364
13532,34,1,169.81,2,Silver,-0.3944003073798616,-0.5532947556651122,-0.6499341221707158
13533,183,3,269.09,0,Bronze,0.24131215739218803,0.0,-0.40031581917940684
13534,3,35,7358.92,1,Platinum,-1.2252659960740826,1.7539028791497544,1.4001962078296337
13536,2,7,2571.21,1,Platinum,-1.3354638962975345,0.5532947556651121,0.8274819376074398
13537,426,2,593.5,3,Gold,0.5637858843277077,-0.22963807175534695,0.02949378097705992
13538,44,12,2853.78,1,Platinum,-0.2981331953683717,0.9408443783721279,0.8842635942963415
13539,86,7,1271.81,3,Gold,-0.045606218572792845,0.5532947556651121,0.44421097713228
13540,468,3,537.74,3,Gold,0.5997235767200496,0.0,-0.024159937362883722
13541,428,1,353.1,0,Bronze,0.5655758616857911,-0.5532947556651122,-0.25277728830713153
13542,377,17,3820.34,1,Platinum,0.5170954463568579,1.2006081234846424,1.0431237954580501
13543,635,2,1092.06,3,Gold,0.716400353719495,-0.22963807175534695,0.3612710088224963
13544,40,6,742.0,2,Silver,-0.33379189688341554,0.44670524433488773,0.15096542876650318
13545,391,2,321.73,0,Bronze,0.5310262345688197,-0.22963807175534695,-0.30331252387955354
13546,13,5,891.96,2,Silver,-0.7453895566792464,0.32365668390976515,0.2511202100174039
13547,409,1,157.13,0,Bronze,0.5482235869847893,-0.5532947556651122,-0.6919550776999277
13548,97,3,713.68,3,Gold,0.0,0.0,0.1297947973760671
13549,26,8,855.0500000000001,2,Silver,-0.4938072276067984,0.6473133678195304,0.2281235723651938
13550,384,1,244.87,0,Bronze,0.5241241657167796,-0.5532947556651122,-0.4514987920198219
13551,320,1,53.550000000000004,0,Bronze,0.45448401833177093,-0.5532947556651122,-1.2717602395078924
13552,67,21,3979.26,1,Platinum,-0.1399909953095136,1.360790616508975,1.0653212442521844
13553,675,1,451.0,0,Bronze,0.7397645736992869,-0.5532947556651122,-0.119795886059004
13554,381,7,1274.85,3,Gold,0.5211276357740323,0.5532947556651121,0.44551057799960253
13555,74,12,4513.75,1,Platinum,-0.10245916312994499,0.9408443783721279,1.1339644978135677
13556,430,2,186.9,0,Bronze,0.5673575135377023,-0.22963807175534695,-0.5979853122661923
13557,29,13,2109.1,1,Platinum,-0.4534484124293297,0.9999999999999998,0.7195998497147132
13558,6,4,548.99,2,Silver,-1.0109026739636562,0.17812112660243817,-0.012901039067261762
13560,8,1,171.42000000000002,2,Silver,-0.9146355619521664,-0.5532947556651122,-0.6448232863866215
13561,216,11,1549.8,3,Gold,0.3045014320460852,0.8769514395748774,0.5518281732050443
13562,82,8,4367.45,1,Platinum,-0.06363563841494821,0.6473133678195304,1.1160187210026526
13563,85,2,387.02,2,Silver,-0.05003464312701457,-0.22963807175534695,-0.20294251135242952
13564,355,35,12901.18,1,Platinum,0.49412617388467306,1.7539028791497544,1.7060048055041113
13565,20,3,384.8,2,Silver,-0.5900743396182883,0.0,-0.20606831951992732
13566,41,5,1621.6,3,Gold,-0.3245612223338783,0.32365668390976515,0.5764841297929774
13567,429,4,946.04,3,Gold,0.5664677234567803,0.17812112660243817,0.2831528009427929
13568,174,1,177.1,0,Bronze,0.22210205920393347,-0.5532947556651122,-0.6271660937103408
13569,18,4,696.84,2,Silver,-0.628411754550284,0.17812112660243817,0.11680458760051246
13570,244,1,138.47,0,Bronze,0.35098924929938485,-0.5532947556651122,-0.7603615086717359
13571,13,26,4285.18,1,Platinum,-0.7453895566792464,1.5242648073944076,1.1056612391946397
13572,206,1,505.13000000000005,0,Bronze,0.286429474229694,-0.5532947556651122,-0.058175504090156045
13573,51,6,563.03,2,Silver,-0.24275071118739783,0.44670524433488773,0.00083132223480825
13574,412,1,318.15,0,Bronze,0.5510162199438734,-0.5532947556651122,-0.30938941971117434
13575,24,5,683.51,2,Silver,-0.523287497475313,0.32365668390976515,0.10629770933921862
13576,11,25,2644.32,1,Platinum,-0.8044376617287146,1.49413913403724,0.8427501559329833
13577,26,11,3086.5,1,Platinum,-0.4938072276067984,0.8769514395748774,0.9269560254158002
13578,410,1,14.940000000000001,0,Bronze,0.5491567286340684,-0.5532947556651122,-1.9419907683591504
13579,15,5,1123.54,2,Silver,-0.6942397615052628,0.32365668390976515,0.3767388174850136
13580,407,1,67.8,0,Bronze,0.5463504563202642,-0.5532947556651122,-1.1453252971543435
13581,310,2,229.23000000000002,0,Bronze,0.4423610300520978,-0.22963807175534695,-0.48730373344055194
13582,390,2,241.68,0,Bronze,0.530047806303527,-0.22963807175534695,-0.45861315375512923
13583,156,2,1225.751,3,Gold,0.18052526380285028,-0.22963807175534695,0.42413170190952115
13584,307,3,216.15,0,Bronze,0.43864803370180433,0.0,-0.5191679375205805
13585,531,2,135.05,0,Bronze,0.6480040366977823,-0.22963807175534695,-0.7738866991166947
13586,542,1,127.28,0,Bronze,0.6558435643345881,-0.5532947556651122,-0.8059234011966225
13587,64,4,525.9,2,Silver,-0.1572745791724231,0.17812112660243817,-0.03626611845918876
13588,16,9,1639.19,1,Platinum,-0.6710172298783336,0.7314158822675506,0.5823580633575114
13589,15,5,581.84,2,Silver,-0.6942397615052628,0.32365668390976515,0.018702848959700372
13590,12,18,4165.2,1,Platinum,-0.7737769457562178,1.2437665043036517,1.090194202302845
13591,65,6,1461.76,3,Gold,-0.1514263059164838,0.44670524433488773,0.5199882582771019
13592,36,3,139.59,2,Silver,-0.37311402818699907,0.0,-0.7560042097029009
13593,109,13,4755.02,1,Platinum,0.04424772632194325,0.9999999999999998,1.1623262919266166
13594,53,2,337.92,2,Silver,-0.2282941103223884,-0.22963807175534695,-0.2766468025274906
13595,517,3,738.08,3,Gold,0.6377886457766571,0.0,0.1480836307444578
13596,6,2,597.46,2,Silver,-1.0109026739636562,-0.22963807175534695,0.03311053526462369
13597,401,2,338.75,0,Bronze,0.5406754716705815,-0.22963807175534695,-0.27531430085507674
13598,48,5,528.66,2,Silver,-0.2655131172844102,0.32365668390976515,-0.03341992765605475
13599,2,29,5870.9400000000005,1,Platinum,-1.3354638962975345,1.608367321842428,1.2771508861967344
13600,313,2,188.52,0,Bronze,0.4460383810872603,-0.22963807175534695,-0.5933085975615352
13601,46,4,1086.22,3,Gold,-0.281476029400742,0.17812112660243817,0.3583525758678421
13602,65,4,953.83,3,Gold,-0.1514263059164838,0.17812112660243817,0.28761559827050237
13603,27,1,130.84,2,Silver,-0.47987643939483643,-0.5532947556651122,-0.7910108661921388
13604,659,1,263.12,0,Bronze,0.7305891779517211,-0.5532947556651122,-0.41249248827545465
13605,388,2,411.13,0,Bronze,0.5280834201646555,-0.22963807175534695,-0.170102341509473
13606,30,2,148.43,2,Silver,-0.44088812463316107,-0.22963807175534695,-0.7227836478283292
13607,41,2,999.1600000000001,2,Silver,-0.3245612223338783,-0.22963807175534695,0.31288338092265333
13608,541,1,232.05,0,Bronze,0.6551374729685795,-0.5532947556651122,-0.48067151187888524
13609,594,1,51.650000000000006,0,Bronze,0.6908746933847075,-0.5532947556651122,-1.2910733579326263
13610,13,14,1977.1100000000001,1,Platinum,-0.7453895566792464,1.0550725661773155,0.68441085150837
13611,90,10,2553.2400000000002,1,Platinum,-0.028387389076971702,0.8074958608438627,0.8236626599180675
13612,633,1,714.99,3,Gold,0.7151938819895527,-0.5532947556651122,0.1307924516157292
13613,453,5,919.6,3,Gold,0.5872721730797016,0.32365668390976515,0.26772708229681746
13614,25,6,1786.14,1,Platinum,-0.5082638284718078,0.44670524433488773,0.6291023045301566
13615,319,8,4995.18,3,Gold,0.45328883964735195,0.6473133678195304,1.1891632938583687
13616,569,2,221.55,0,Bronze,0.6744320636632891,-0.22963807175534695,-0.5057863624215259
13617,41,8,865.21,3,Gold,-0.3245612223338783,0.6473133678195304,0.23455116192663053
13618,174,1,113.02,0,Bronze,0.22210205920393347,-0.5532947556651122,-0.870120645192263
13619,545,2,189.49,0,Bronze,0.6579540625528064,-0.22963807175534695,-0.5905274389473156
13620,529,1,52.34,0,Bronze,0.6465612686735117,-0.5532947556651122,-1.2839802194341878
13621,117,1,184.89,0,Bronze,0.07113978054903715,-0.5532947556651122,-0.603844274125622
13622,697,1,481.70000000000005,0,Bronze,0.7520322859932829,-0.5532947556651122,-0.0839969202204293
13623,31,10,1554.95,1,Platinum,-0.42872664422085277,0.8074958608438627,0.5536343049491134
13624,389,1,262.77,0,Bronze,0.5290668724573551,-0.5532947556651122,-0.41321488002757717
13625,597,1,200.36,0,Bronze,0.6928012077100526,-0.5532947556651122,-0.5602952749116019
13626,253,2,498.25,3,Gold,0.3648083435442054,-0.22963807175534695,-0.06563162740210925
13627,60,7,1467.54,3,Gold,-0.18160367235153863,0.5532947556651121,0.522136663696254
13628,677,1,310.14,0,Bronze,0.7408961977352845,-0.5532947556651122,-0.32323667142960005
13629,143,1,213.81,0,Bronze,0.14741690718547343,-0.5532947556651122,-0.5250702837177204
13630,6,7,746.34,2,Silver,-1.0109026739636562,0.5532947556651121,0.15413830919047106
13631,100,6,492.5,3,Gold,0.011550255681379957,0.44670524433488773,-0.07194237646351818
13632,25,8,3363.7000000000003,1,Platinum,-0.5082638284718078,0.6473133678195304,0.9737943037852952
13634,34,15,4234.08,1,Platinum,-0.3944003073798616,1.1065895113302244,1.099127370608815
13635,68,4,2482.56,3,Gold,-0.13439886011567378,0.17812112660243817,0.808375309435484
13636,37,5,688.47,2,Silver,-0.36289863726587396,0.32365668390976515,0.11023095668139063
13637,53,3,758.9,2,Silver,-0.2282941103223884,0.0,0.16321788140233476
13638,16,1,77.28,2,Silver,-0.6710172298783336,-0.5532947556651122,-1.0750010130061514
13639,75,2,758.63,3,Gold,-0.09738551998146396,-0.22963807175534695,0.16302428263139151
13641,641,4,539.35,3,Gold,0.719997135616181,0.17812112660243817,-0.022534326336996893
13642,216,4,406.65,3,Gold,0.3045014320460852,0.17812112660243817,-0.17605667458389515
13643,32,9,1773.91,1,Platinum,-0.4169394232008936,0.7314158822675506,0.625361403158984
13644,17,4,1739.3300000000002,2,Silver,-0.6491224446677566,0.17812112660243817,0.6146429497909284
13645,121,1,30.6,0,Bronze,0.08390944493287138,-0.5532947556651122,-1.569186565193833
13646,400,2,266.5,0,Bronze,0.539721412752482,-0.22963807175534695,-0.4055651029222805
13647,10,7,1898.98,1,Platinum,-0.8377677575462616,0.5532947556651121,0.6624571975541363
13648,401,8,1518.78,3,Gold,0.5406754716705815,0.6473133678195304,0.540820785655466
13649,257,6,1132.44,3,Gold,0.3707936912183536,0.44670524433488773,0.3810333932677731
13650,17,10,2663.93,1,Platinum,-0.6491224446677566,0.8074958608438627,0.8467737365390696
13651,40,2,136.55,2,Silver,-0.33379189688341554,-0.22963807175534695,-0.7679132162385853
13652,46,5,2030.8400000000001,3,Gold,-0.281476029400742,0.32365668390976515,0.6990108221268839
13653,488,1,152.2,0,Bronze,0.6157198240080672,-0.5532947556651122,-0.7092098947207524
13654,44,11,4393.68,1,Platinum,-0.2981331953683717,0.8769514395748774,1.1192800036453157
13655,115,6,1608.41,3,Gold,0.06459168165065898,0.44670524433488773,0.5720375855623477
13656,165,4,867.79,3,Gold,0.20187747886946178,0.17812112660243817,0.23617136201993982
13657,11,2,321.0,2,Silver,-0.8044376617287146,-0.22963807175534695,-0.3045461775997199
13658,10,9,4876.2,1,Platinum,-0.8377677575462616,0.7314158822675506,1.1760329154633058
13659,206,11,3516.1800000000003,1,Platinum,0.286429474229694,0.8769514395748774,0.9979391796482833
13660,401,1,242.54000000000002,0,Bronze,0.5406754716705815,-0.5532947556651122,-0.45668600964935696
13661,604,1,299.74,0,Bronze,0.6972590821341742,-0.5532947556651122,-0.34175735508077826
13662,86,11,1741.51,1,Platinum,-0.045606218572792845,0.8769514395748774,0.6153249289963818
13663,180,5,1689.25,3,Gold,0.23501522998922034,0.32365668390976515,0.5987364095807433
13665,387,3,1306.72,3,Gold,0.5270974364604317,0.0,0.4589515899267257
13666,61,4,94.75,0,Bronze,-0.17537500734875106,0.17812112660243817,-0.9652566765477456
13667,150,1,269.2,0,Bronze,0.16559917586154602,-0.5532947556651122,-0.4000939924543093
13668,3,34,7719.43,1,Platinum,-1.2252659960740826,1.7314158822675505,1.4262479489176214
13669,150,2,50.400000000000006,0,Bronze,0.16559917586154602,-0.22963807175534695,-1.30416327601078
13670,76,1,296.42,0,Bronze,-0.09237820086701533,-0.5532947556651122,-0.3478048189413141
13671,395,1,172.6,0,Bronze,0.5349151457132943,-0.5532947556651122,-0.6411076723491326
13672,302,3,379.36,3,Gold,0.4323785900267478,0.0,-0.2138046467225092
13673,19,2,297.79,2,Silver,-0.6087636294902878,-0.22963807175534695,-0.3453011887422656
13674,433,1,200.88,0,Bronze,0.5700145493304952,-0.5532947556651122,-0.5588902368660699
13675,152,2,369.22,0,Bronze,0.1706394388124024,-0.22963807175534695,-0.22852490722534569
13676,540,2,153.15,0,Bronze,0.6544300776473221,-0.22963807175534695,-0.7058421444726352
13677,405,2,293.39,0,Bronze,0.5444681210454952,-0.22963807175534695,-0.3533832520513483
13678,152,1,63.2,0,Bronze,0.1706394388124024,-0.5532947556651122,-1.1830240998681898
13679,494,3,281.26,0,Bronze,0.6203912777282693,0.0,-0.3763056832947442
13680,2,12,4466.54,1,Platinum,-1.3354638962975345,0.9408443783721279,1.128237869015062
13681,18,4,735.97,2,Silver,-0.628411754550284,0.17812112660243817,0.14652612453096106
13682,188,1,34.0,0,Bronze,0.2515823290724479,-0.5532947556651122,-1.5135153747597843
13683,458,1,166.8,0,Bronze,0.5914677731577705,-0.5532947556651122,-0.6596197161923986
13684,286,4,405.99,3,Gold,0.41159765979583074,0.17812112660243817,-0.17693940157399837
13685,4,4,20.92,2,Silver,-1.1397898640591078,0.17812112660243817,-1.7684426252824224
13686,183,3,344.48,3,Gold,0.24131215739218803,0.0,-0.2662030819216152
13688,636,1,190.5,0,Bronze,0.7170021676022745,-0.5532947556651122,-0.5876466031965127
13689,64,2,34.5,0,Bronze,-0.1572745791724231,-0.22963807175534695,-1.5057879234911427
13690,60,1,84.30000000000001,0,Bronze,-0.18160367235153863,-0.5532947556651122,-1.0282143751433586
13691,397,1,197.18,0,Bronze,0.5368448951729259,-0.5532947556651122,-0.568967372001492
13692,25,4,455.31,2,Silver,-0.5082638284718078,0.17812112660243817,-0.11462583847795245
13693,375,9,1473.0500000000002,3,Gold,0.515063322452488,0.7314158822675506,0.5241768529589422
13694,4,38,3863.76,1,Platinum,-1.1397898640591078,1.8177958179470048,1.049278915317266
13695,32,14,1262.29,1,Platinum,-0.4169394232008936,1.0550725661773155,0.44012100150378913
13696,422,3,710.2,3,Gold,0.560180639289994,0.0,0.1271356326899485
13697,39,1,114.4,0,Bronze,-0.3432505122058779,-0.5532947556651122,-0.8635667249058235
13698,597,2,354.19,0,Bronze,0.6928012077100526,-0.22963807175534695,-0.2511029195612689
13699,156,2,624.0,3,Gold,0.18052526380285028,-0.22963807175534695,0.056749441879216884
13700,27,13,1547.71,1,Platinum,-0.47987643939483643,0.9999999999999998,0.5510934877939888
13701,447,1,161.0,0,Bronze,0.5821760297428034,-0.5532947556651122,-0.6787830130512953
13702,446,1,75.18,0,Bronze,0.5813200417718559,-0.5532947556651122,-1.089815210539272
13703,416,1,290.26,0,Bronze,0.5547083396853054,-0.5532947556651122,-0.35920640813226484
13704,6,9,1821.14,1,Platinum,-1.0109026739636562,0.7314158822675506,0.639668270046254
13705,8,7,1286.51,1,Platinum,-0.9146355619521664,0.5532947556651121,0.4504666778621572
13706,303,2,487.92,3,Gold,0.43364071458735604,-0.22963807175534695,-0.07702185974250449
13707,268,5,2135.53,3,Gold,0.3867869022832951,0.32365668390976515,0.7263810481501654
13708,272,1,218.88,0,Bronze,0.39244094526839646,-0.5532947556651122,-0.5123617305455487
13709,4,17,5965.67,1,Platinum,-1.1397898640591078,1.2006081234846424,1.2858694349160236
13710,32,3,183.84,2,Silver,-0.4169394232008936,0.0,-0.6069301669248607
13711,219,9,1448.88,3,Gold,0.30976084360635325,0.7314158822675506,0.5151701118951125
13712,247,2,291.09000000000003,0,Bronze,0.3556512272200689,-0.22963807175534695,-0.3576561740199858
13713,409,3,660.96,3,Gold,0.5482235869847893,0.0,0.08804873002409132
13714,466,1,113.95,0,Bronze,0.598086589367184,-0.5532947556651122,-0.8656952214802156
13715,282,17,5839.45,1,Platinum,0.40622136862755537,1.2006081234846424,1.2742215023134007
13716,270,1,117.88,0,Bronze,0.38962435568416953,-0.5532947556651122,-0.8473813009844429
13717,33,8,1167.97,1,Platinum,-0.4055041125939236,0.6473133678195304,0.39784832574984824
13718,247,2,146.7,0,Bronze,0.3556512272200689,-0.22963807175534695,-0.7291274935645619
13719,16,11,2427.38,1,Platinum,-0.6710172298783336,0.8769514395748774,0.7961349260963335
13720,117,4,655.8,3,Gold,0.07113978054903715,0.17812112660243817,0.08378554425034627
13721,37,2,508.58,2,Silver,-0.36289863726587396,-0.22963807175534695,-0.05447467403092838
13722,132,10,4233.360000000001,1,Platinum,0.11697780212896233,0.8074958608438627,1.099034746102189
13723,218,6,831.62,3,Gold,0.3080157177742967,0.44670524433488773,0.21300525431261985
13724,638,1,199.81,0,Bronze,0.7182029662583425,-0.5532947556651122,-0.561785326809619
13725,50,8,1478.06,1,Platinum,-0.2501888955329656,0.6473133678195304,0.5260252983479481
13726,39,2,293.52,2,Silver,-0.3432505122058779,-0.22963807175534695,-0.35314273684672237
13727,29,8,762.54,2,Silver,-0.4534484124293297,0.6473133678195304,0.1658211858574387
13728,37,16,2455.4,1,Platinum,-0.36289863726587396,1.1549822427096075,0.8023848681589811
13729,436,3,361.05,3,Gold,0.5726532816315767,0.0,-0.24068164199920342
13730,136,2,608.39,3,Gold,0.12832839428870058,-0.22963807175534695,0.04297031286431912
13731,220,2,490.59000000000003,3,Gold,0.311498055008351,-0.22963807175534695,-0.07405492213571725
13732,29,1,308.5,2,Silver,-0.4534484124293297,-0.5532947556651122,-0.3261157479151983
13733,411,2,316.35,0,Bronze,0.5500876026221844,-0.22963807175534695,-0.3124706443410846
13734,509,2,96.8,0,Bronze,0.6318265883352391,-0.22963807175534695,-0.9537161657405738
13735,25,13,7392.63,1,Platinum,-0.5082638284718078,0.9999999999999998,1.4026857018148953
13736,6,7,2344.67,1,Platinum,-1.0109026739636562,0.5532947556651121,0.7772566375097749
13737,201,1,177.85,0,Bronze,0.27706337296579,-0.5532947556651122,-0.624876794164597
13738,397,1,336.17,0,Bronze,0.5368448951729259,-0.5532947556651122,-0.27946702008583746
13739,19,2,200.4,2,Silver,-0.6087636294902878,-0.22963807175534695,-0.5601870663145206
13740,241,5,1179.08,3,Gold,0.34626983283478935,0.32365668390976515,0.4030014799965892
13741,72,3,507.23,2,Silver,-0.11281261657107146,0.0,-0.055919832311106844
13742,17,12,2514.6800000000003,1,Platinum,-0.6491224446677566,0.9408443783721279,0.8153757541797635
13743,3,6,139.2,2,Silver,-1.2252659960740826,0.44670524433488773,-0.7575175317365034
13744,96,2,570.64,3,Gold,-0.003928798108388237,-0.22963807175534695,0.008132402273504584
13745,163,2,330.48,0,Bronze,0.19723433768540444,-0.22963807175534695,-0.2887389898512181
13746,414,1,163.94,0,Bronze,0.5528667281688463,-0.5532947556651122,-0.668984975833589
13747,425,1,34.8,0,Bronze,0.5628877491973846,-0.5532947556651122,-1.5012035246544415
13748,96,8,679.02,3,Gold,-0.003928798108388237,0.6473133678195304,0.1027125131509836
13750,54,7,1092.6200000000001,3,Gold,-0.22126539096246675,0.5532947556651121,0.36155003882925424
13751,289,1,120.75,0,Bronze,0.41558093095004384,-0.5532947556651122,-0.8343855666046375
13752,125,6,970.7900000000001,3,Gold,0.09626711201148971,0.44670524433488773,0.2972071551825727
13753,288,4,1207.11,3,Gold,0.4142577708862354,0.17812112660243817,0.4157900584325879
13754,152,3,221.6,0,Bronze,0.1706394388124024,0.0,-0.5056639820592874
13755,4,9,1736.49,1,Platinum,-1.1397898640591078,0.7314158822675506,0.6137532173173037
13756,3,22,4335.57,1,Platinum,-1.2252659960740826,1.3962735958823376,1.1120284849616993
13757,675,1,32.05,0,Bronze,0.7397645736992869,-0.5532947556651122,-1.5447454838353585
13758,12,14,4220.09,1,Platinum,-0.7737769457562178,1.0550725661773155,1.0973247990629054
13759,34,2,416.49,2,Silver,-0.3944003073798616,-0.22963807175534695,-0.16306287535472702
13760,55,5,870.8100000000001,3,Gold,-0.2143633221104263,0.32365668390976515,0.23806177419406815
13761,51,6,1687.06,3,Gold,-0.24275071118739783,0.44670524433488773,0.5980301037640549
13762,219,2,73.2,0,Bronze,0.30976084360635325,-0.22963807175534695,-1.1041617882155577
13763,418,2,440.7,3,Gold,0.5565411396297061,-0.22963807175534695,-0.13235366410085195
13764,71,6,2619.52,3,Gold,-0.11809621009893657,0.44670524433488773,0.8376187622106616
13765,654,1,248.86100000000002,0,Bronze,0.7276762022589719,-0.5532947556651122,-0.4427269027886442
13766,496,1,167.07,0,Bronze,0.6219358542468527,-0.5532947556651122,-0.6587438439778984
13767,3,72,15561.44,1,Platinum,-1.2252659960740826,2.3182079555852053,1.8081307433995164
13768,727,2,634.2700000000001,3,Gold,0.7681519627762583,-0.22963807175534695,0.06562845228404214
13769,3,20,4010.6000000000004,1,Platinum,-1.2252659960740826,1.3236566839097652,1.069593934966697
13770,437,2,293.82,0,Bronze,0.5735288350587067,-0.22963807175534695,-0.35258810669034213
13771,65,9,3338.76,1,Platinum,-0.1514263059164838,0.7314158822675506,0.9697412463862243
13772,34,8,2688.22,1,Platinum,-0.3944003073798616,0.6473133678195304,0.851716707580304
13773,397,2,241.54000000000002,0,Bronze,0.5368448951729259,-0.22963807175534695,-0.45892752112393675
13774,82,1,303.65,0,Bronze,-0.06363563841494821,-0.5532947556651122,-0.33472022369955773
13775,591,1,899.51,3,Gold,0.6889384409506407,-0.5532947556651122,0.2557069435091186
13777,9,33,2707.76,1,Platinum,-0.8742767467746977,1.7082769983747197,0.855660765563818
13778,104,4,801.45,3,Gold,0.02642802696550642,0.17812112660243817,0.19289875973541418
13779,516,1,135.63,0,Bronze,0.6370484436958989,-0.5532947556651122,-0.7715691792323056
13780,8,3,598.37,2,Silver,-0.9146355619521664,0.0,0.03393827612829979
13781,251,3,710.23,3,Gold,0.3617802292958997,0.0,0.1271586120779098
13782,13,13,1405.24,1,Platinum,-0.7453895566792464,0.9999999999999998,0.498521033511568
13784,219,4,98.60000000000002,0,Bronze,0.30976084360635325,0.17812112660243817,-0.943780762458894
13785,429,4,394.69,3,Gold,0.5664677234567803,0.17812112660243817,-0.19227895795914743
13786,368,6,1346.82,3,Gold,0.5078647718073205,0.44670524433488773,0.47540563354719206
13787,76,6,867.49,3,Gold,-0.09237820086701533,0.44670524433488773,0.23598321404645428
13788,506,1,3.75,0,Bronze,0.6295666734758351,-0.5532947556651122,-2.6015442377879205
13789,389,1,188.1,0,Bronze,0.5290668724573551,-0.5532947556651122,-0.5945172293799308
13790,5,1,225.32,2,Silver,-1.0699507790131246,-0.5532947556651122,-0.4966351404910987
13792,67,3,286.25,2,Silver,-0.1399909953095136,0.0,-0.3667588703914759
13793,647,1,96.0,0,Bronze,0.7235604585917994,-0.5532947556651122,-0.9581907385775802
13794,547,1,108.13000000000001,0,Bronze,0.6593546288575206,-0.5532947556651122,-0.894000385782656
13795,405,3,226.65,0,Bronze,0.5444681210454952,0.0,-0.49344305998936555
13796,500,1,252.35,0,Bronze,0.6250064475035297,-0.5532947556651122,-0.43517239960205906
13797,437,3,1010.6,3,Gold,0.5735288350587067,0.0,0.31907925585828567
13798,8,56,6812.12,1,Platinum,-0.9146355619521664,2.120717943878529,1.358140087009342
13799,117,9,1770.86,3,Gold,0.07113978054903715,0.7314158822675506,0.624424456156938
13800,310,3,932.1700000000001,3,Gold,0.4423610300520978,0.0,0.2751152065411895
13801,67,1,259.6,0,Bronze,-0.1399909953095136,-0.5532947556651122,-0.419801685258512
13802,255,18,7082.54,1,Platinum,0.36781270763237706,1.2437665043036517,1.3793447467934905
13803,256,3,1168.3500000000001,3,Gold,0.36930609922216334,0.0,0.3980253887269458
13804,31,8,2485.38,1,Platinum,-0.42872664422085277,0.6473133678195304,0.8089935337975779
13806,64,1,218.13000000000002,0,Bronze,-0.1572745791724231,-0.5532947556651122,-0.5142231119840397
13807,368,3,341.85,3,Gold,0.5078647718073205,0.0,-0.2703661093248566
13808,6,5,1193.56,2,Silver,-1.0109026739636562,0.32365668390976515,0.4096453981163728
13809,306,3,330.40000000000003,3,Gold,0.43740232705078874,0.0,-0.2888704830162814
13810,29,2,676.0600000000001,2,Silver,-0.4534484124293297,-0.22963807175534695,0.1003360282707734
13811,184,2,519.75,3,Gold,0.24338833839679566,-0.22963807175534695,-0.04266217056429288
13812,43,3,457.88,2,Silver,-0.3067415229774418,0.0,-0.11156619301988262
13813,40,8,1980.89,1,Platinum,-0.33379189688341554,0.6473133678195304,0.685450879077381
13814,93,3,1097.42,3,Gold,-0.015962912116332044,0.0,0.3639358801866479
13815,24,7,4883.41,1,Platinum,-0.523287497475313,0.5532947556651121,1.176837667337967
13816,24,2,436.32,2,Silver,-0.523287497475313,-0.22963807175534695,-0.13778275426390585
13817,30,2,313.38,2,Silver,-0.44088812463316107,-0.22963807175534695,-0.31759307695037003
13818,430,1,51.2,0,Bronze,0.5673575135377023,-0.5532947556651122,-1.2957495770327545
13819,302,6,1660.65,3,Gold,0.4323785900267478,0.44670524433488773,0.5894396066474834
13820,419,3,617.3,3,Gold,0.5574542615343264,0.0,0.0508779133018152
13821,145,6,1280.93,3,Gold,0.15270050071333854,0.44670524433488773,0.44810051569106546
13822,6,2,429.39,2,Silver,-1.0109026739636562,-0.22963807175534695,-0.14648469201006534
13823,19,7,2255.63,1,Platinum,-0.6087636294902878,0.5532947556651121,0.7561746026597687
13824,33,10,2162.5,1,Platinum,-0.4055041125939236,0.8074958608438627,0.7332148638431718
13825,622,2,200.39000000000001,0,Bronze,0.7084894959950994,-0.22963807175534695,-0.5602141164488499
13826,177,1,75.9,0,Bronze,0.22861305660026304,-0.5532947556651122,-1.0846905470667605
13827,58,3,287.3,2,Silver,-0.19437333673537285,0.0,-0.364771152126083
13828,23,1,168.45,2,Silver,-0.5389245444443046,-0.5532947556651122,-0.6542890246014156
13829,422,1,102.0,0,Bronze,0.560180639289994,-0.5532947556651122,-0.9254943564948929
13830,582,1,110.20000000000002,0,Bronze,0.6830702579019478,-0.5532947556651122,-0.8837637418976168
13831,17,15,1938.98,1,Platinum,-0.6491224446677566,1.1065895113302244,0.6738072300733624
13832,20,2,350.33,2,Silver,-0.5900743396182883,-0.22963807175534695,-0.2570556370450471
13833,160,2,517.15,3,Gold,0.19016236221820432,-0.22963807175534695,-0.04538894123652227
13834,577,2,195.5,0,Bronze,0.6797708881706453,-0.22963807175534695,-0.5736052027017634
13835,26,7,946.63,2,Silver,-0.4938072276067984,0.5532947556651121,0.283492087421932
13836,400,2,419.03000000000003,0,Bronze,0.539721412752482,-0.22963807175534695,-0.15975851070641534
13837,212,2,160.69,0,Bronze,0.2973746319129746,-0.22963807175534695,-0.6798264846908191
13838,6,10,1507.32,1,Platinum,-1.0109026739636562,0.8074958608438627,0.5366972990916437
13839,487,1,139.95000000000002,0,Bronze,0.6149356795016914,-0.5532947556651122,-0.7546110184564435
13840,417,1,537.8000000000001,0,Bronze,0.555625835830767,-0.5532947556651122,-0.02409926848591085
13842,59,18,4134.41,1,Platinum,-0.18793529514491986,1.2437665043036517,1.0861531221984606
13843,382,1,260.05,0,Bronze,0.5221290859067854,-0.5532947556651122,-0.4188617855483376
13844,12,1,346.02,2,Silver,-0.7737769457562178,-0.5532947556651122,-0.2637801022811122
13845,65,1,127.86000000000001,0,Bronze,-0.1514263059164838,-0.5532947556651122,-0.8034658238428588
13846,25,4,1102.71,2,Silver,-0.5082638284718078,0.17812112660243817,0.3665532293320399
13847,720,1,237.82,0,Bronze,0.7644509247326107,-0.5532947556651122,-0.467347862392279
13849,52,5,2732.26,3,Gold,-0.23545421519469298,0.32365668390976515,0.8605659686277465
13850,130,1,1444.78,3,Gold,0.11117383567517708,-0.5532947556651122,0.5136274005053009
13851,96,7,1860.1200000000001,3,Gold,-0.003928798108388237,0.5532947556651121,0.6511994507649582
13852,611,1,169.35000000000002,0,Bronze,0.7016656733812224,-0.5532947556651122,-0.6514032111305127
13853,58,1,593.14,2,Silver,-0.19437333673537285,-0.5532947556651122,0.029163791357202793
13854,9,37,3001.16,1,Platinum,-0.8742767467746977,1.7970612599687639,0.9116861275739907
13855,501,4,1185.85,3,Gold,0.6257702652194208,0.17812112660243817,0.40611787532525667
13856,169,10,531.79,3,Gold,0.2109982539898713,0.8074958608438627,-0.030210074247209485
13857,394,6,858.16,3,Gold,0.533946613066845,0.44670524433488773,0.23009913894558348
13858,58,1,216.17000000000002,0,Bronze,-0.19437333673537285,-0.5532947556651122,-0.5191177647281146
13859,327,2,241.41,0,Bronze,0.46274745496981445,-0.22963807175534695,-0.459219596204354
13860,2,5,1080.05,2,Silver,-1.3354638962975345,0.32365668390976515,0.3552521519313086
13861,430,2,209.11,0,Bronze,0.5673575135377023,-0.22963807175534695,-0.5371222110115201
13862,19,9,2188.29,1,Platinum,-0.6087636294902878,0.7314158822675506,0.7396704668455372
13863,248,4,891.49,3,Gold,0.35719269593041963,0.17812112660243817,0.2508333973812454
13865,59,4,437.81,2,Silver,-0.18793529514491986,0.17812112660243817,-0.1359297934222932
13866,75,1,145.67,0,Bronze,-0.09738551998146396,-0.5532947556651122,-0.7329398505001373
13867,32,3,829.54,2,Silver,-0.4169394232008936,0.0,0.21164262528641017
13868,39,1,315.03000000000003,2,Silver,-0.3432505122058779,-0.5532947556651122,-0.3147413368131509
13869,124,10,6836.12,1,Platinum,0.09321486910848205,0.8074958608438627,1.360055751759223
13870,3,15,3082.32,1,Platinum,-1.2252659960740826,1.1065895113302244,0.9262179825684703
13871,23,17,6581.87,1,Platinum,-0.5389245444443046,1.2006081234846424,1.3394110389977916
13872,528,3,862.37,3,Gold,0.6458378417208186,0.0,0.23276209667112654
13873,120,8,757.09,3,Gold,0.08075671555037933,0.6473133678195304,0.16191873535593648
13874,359,7,993.37,3,Gold,0.4984061564848583,0.5532947556651121,0.30972046741035536
13875,54,14,3532.2000000000003,1,Platinum,-0.22126539096246675,1.0550725661773155,1.0004148843412792
13876,64,1,98.8,0,Bronze,-0.1572745791724231,-0.5532947556651122,-0.9426879312394355
13877,87,3,228.3,2,Silver,-0.04122840569303163,0.0,-0.48950878007211274
13878,55,4,1592.16,3,Gold,-0.2143633221104263,0.17812112660243817,0.566509095067079
13879,646,1,331.92,0,Bronze,0.7229688685783094,-0.5532947556651122,-0.28637752408400163
13880,22,17,3462.4500000000003,1,Platinum,-0.555227194461042,1.2006081234846424,0.9895527153252208
13881,18,25,6040.18,1,Platinum,-0.628411754550284,1.49413913403724,1.292630311203875
13882,3,5,689.64,2,Silver,-1.2252659960740826,0.32365668390976515,0.11115463419049551
13883,11,14,4415.57,1,Platinum,-0.8044376617287146,1.0550725661773155,1.121986810311439
13884,8,9,1581.55,1,Platinum,-0.9146355619521664,0.7314158822675506,0.5628689032496315
13885,190,2,407.90000000000003,3,Gold,0.2556145184896223,-0.22963807175534695,-0.17438875282232222
13886,72,1,218.56,0,Bronze,-0.11281261657107146,-0.5532947556651122,-0.5131551421989362
13887,205,1,294.15000000000003,0,Bronze,0.28457448533777435,-0.5532947556651122,-0.3519786649959524
13888,120,7,1537.3500000000001,3,Gold,0.08075671555037933,0.5532947556651121,0.5474369975314343
13889,93,6,1309.15,3,Gold,-0.015962912116332044,0.44670524433488773,0.4599629514520309
13890,2,14,2631.38,1,Platinum,-1.3354638962975345,1.0550725661773155,0.8400787582037738
13891,379,3,767.46,3,Gold,0.5191168466023309,0.0,0.16932028249094824
13892,65,3,211.65,2,Silver,-0.1514263059164838,0.0,-0.5305759523874818
13893,298,1,307.0,0,Bronze,0.4272880904256429,-0.5532947556651122,-0.32876243901681845
13894,24,2,340.55,2,Silver,-0.523287497475313,-0.22963807175534695,-0.2724356881852286
13895,29,6,2774.61,1,Platinum,-0.4534484124293297,0.44670524433488773,0.8689421785387588
13896,626,1,261.05,0,Bronze,0.7109410528917252,-0.5532947556651122,-0.4167789071547332
13897,51,3,825.1700000000001,2,Silver,-0.24275071118739783,0.0,0.20876864320271052
13898,326,2,612.68,3,Gold,0.4615778221294666,-0.22963807175534695,0.046792006467486026
13899,17,2,337.52,2,Silver,-0.6491224446677566,-0.22963807175534695,-0.2772901377229609
13900,184,6,1263.45,3,Gold,0.24338833839679566,0.44670524433488773,0.44062100578699004
13901,73,15,4151.49,1,Platinum,-0.10760091090258887,1.1065895113302244,1.0883985137525767
13902,725,1,136.86,0,Bronze,0.7670981671801571,-0.5532947556651122,-0.7666868215020971
13903,401,1,118.65,0,Bronze,0.5406754716705815,-0.5532947556651122,-0.8438640988224316
13904,38,2,272.04,2,Silver,-0.3529486114108498,-0.22963807175534695,-0.3943978785924981
13905,733,1,139.82,0,Bronze,0.7712960662631781,-0.5532947556651122,-0.7551137043949949
13907,692,1,106.8,0,Bronze,0.7492784678237207,-0.5532947556651122,-0.9006805259048732
13908,80,4,1657.63,3,Gold,-0.07297889326143023,0.17812112660243817,0.5884485911199107
13909,424,2,199.39,0,Bronze,0.5619875032892562,-0.22963807175534695,-0.5629259353802758
13911,145,19,2648.54,1,Platinum,0.15270050071333854,1.2847106379326625,0.843618528644357
13912,424,1,124.95,0,Bronze,0.5619875032892562,-0.5532947556651122,-0.8159093512510224
13913,507,1,13.52,0,Bronze,0.6303214608286154,-0.5532947556651122,-1.9928209267903396
13914,12,2,583.95,2,Silver,-0.7737769457562178,-0.22963807175534695,0.02067148885408278
13915,395,1,70.80000000000001,0,Bronze,0.5349151457132943,-0.5532947556651122,-1.122073851488857
13916,464,4,952.86,3,Gold,0.5964425762960016,0.17812112660243817,0.28706188557718915
13917,50,2,213.26000000000002,2,Silver,-0.2501888955329656,-0.22963807175534695,-0.5264669185941985
13918,50,2,434.30000000000007,2,Silver,-0.2501888955329656,-0.22963807175534695,-0.14030492851996834
13919,60,4,769.71,3,Gold,-0.18160367235153863,0.17812112660243817,0.1709130204972715
13920,432,4,721.98,3,Gold,0.5691309169718763,0.17812112660243817,0.13608514771370664
13921,403,4,620.75,3,Gold,0.5425764902501999,0.17812112660243817,0.05390921473485805
13922,352,3,390.85,3,Gold,0.49088450891691054,0.0,-0.19759159505887192
13923,54,1,351.13,2,Silver,-0.22126539096246675,-0.5532947556651122,-0.25581655839934087
13924,2,6,1395.71,1,Platinum,-1.3354638962975345,0.44670524433488773,0.4948165528730524
13925,93,4,403.3,3,Gold,-0.015962912116332044,0.17812112660243817,-0.18055205129270727
13926,24,1,135.10000000000002,2,Silver,-0.523287497475313,-0.5532947556651122,-0.7736865241446781
13927,75,2,641.84,2,Silver,-0.09738551998146396,-0.22963807175534695,0.07208173706789225
13928,11,4,369.37,2,Silver,-0.8044376617287146,0.17812112660243817,-0.2283042279611123
13929,170,9,953.1600000000001,3,Gold,0.21324491414045238,0.7314158822675506,0.2872331970471015
13930,58,2,154.94,0,Bronze,-0.19437333673537285,-0.22963807175534695,-0.6995526143743096
13931,96,11,4053.03,1,Platinum,-0.003928798108388237,0.8769514395748774,1.075325679803891
13932,295,1,279.7,0,Bronze,0.42342532366623076,-0.5532947556651122,-0.379324913849047
13933,110,2,608.79,3,Gold,0.047714306158368955,-0.22963807175534695,0.04332778342634306
13934,264,1,556.65,0,Bronze,0.3810481513891017,-0.5532947556651122,-0.005366005902152494
13935,597,3,1681.12,3,Gold,0.6928012077100526,0.0,0.596109747070177
13936,180,3,839.6600000000001,3,Gold,0.23501522998922034,0.0,0.218240521807574
13937,170,2,744.9,3,Gold,0.21324491414045238,-0.22963807175534695,0.15308760341954863
13938,36,1,71.66,0,Bronze,-0.37311402818699907,-0.5532947556651122,-1.1155874462578133
13939,24,7,1106.95,2,Silver,-0.523287497475313,0.5532947556651121,0.3686420258323377
13940,18,4,711.22,2,Silver,-0.628411754550284,0.17812112660243817,0.12791638861431226
13941,22,9,721.24,2,Silver,-0.555227194461042,0.7314158822675506,0.13552726115167552
13943,578,1,221.04000000000002,0,Bronze,0.6804330395154692,-0.5532947556651122,-0.5070362149768083
13944,654,1,192.87,0,Bronze,0.7276762022589719,-0.5532947556651122,-0.5809458437968972
13945,395,2,693.75,3,Gold,0.5349151457132943,-0.22963807175534695,0.1143869899450403
13946,202,5,222.85,3,Gold,0.2789550037610853,0.32365668390976515,-0.5026133739073928
13947,66,1,90.60000000000001,0,Bronze,-0.14566597995919667,-0.5532947556651122,-0.989395358464528
13948,361,4,377.7,3,Gold,0.5005283472736304,0.17812112660243817,-0.2161874093521794
13949,3,6,1764.88,1,Platinum,-1.2252659960740826,0.44670524433488773,0.6225827353631853
13950,12,4,441.04,2,Silver,-0.7737769457562178,0.17812112660243817,-0.13193448219121492
13951,177,3,496.91,3,Gold,0.22861305660026304,0.0,-0.06709578665620734
13952,218,14,6985.271000000001,1,Platinum,0.3080157177742967,1.0550725661773155,1.3718122108562045
13953,8,2,245.76000000000002,2,Silver,-0.9146355619521664,-0.22963807175534695,-0.4495303722001021
13954,2,2,340.22,2,Silver,-1.3354638962975345,-0.22963807175534695,-0.27296229642363745
13955,155,3,374.61,3,Gold,0.17807762315797018,0.0,-0.22065074090840214
13956,6,5,767.41,2,Silver,-1.0109026739636562,0.32365668390976515,0.16928483536917416
13957,418,3,417.95000000000005,3,Gold,0.5565411396297061,0.0,-0.161161067619851
13958,380,8,3158.81,3,Gold,0.5201235606051635,0.6473133678195304,0.939567701447445
13959,80,6,977.09,3,Gold,-0.07297889326143023,0.44670524433488773,0.30072747630810437
13960,22,2,216.3,2,Silver,-0.555227194461042,-0.22963807175534695,-0.5187917541610271
13961,393,1,293.25,0,Bronze,0.5329756253286786,-0.5532947556651122,-0.35364238723301405
13962,22,3,206.92000000000002,2,Silver,-0.555227194461042,0.0,-0.5428302738281131
13963,309,17,2013.57,1,Platinum,0.4411273592350438,1.2006081234846424,0.6943606053871324
13964,388,2,423.3,0,Bronze,0.5280834201646555,-0.22963807175534695,-0.1542483094312322
13965,477,3,303.6,0,Bronze,0.6070046620774018,0.0,-0.33480964120984696
13966,436,1,263.3,0,Bronze,0.5726532816315767,-0.5532947556651122,-0.41212134518385607
13967,146,2,101.4,0,Bronze,0.15531521706095783,-0.22963807175534695,-0.9286770890932148
13968,424,1,48.3,0,Bronze,0.5619875032892562,-0.5532947556651122,-1.3268881193915467
13969,8,35,10479.29,1,Platinum,-0.9146355619521664,1.7539028791497544,1.5927458708296522
13970,438,1,217.99,0,Bronze,0.5744023917830158,-0.5532947556651122,-0.5145712753540106
13971,19,14,3811.1600000000003,1,Platinum,-0.6087636294902878,1.0550725661773155,1.041813505880464
13972,202,1,145.9,0,Bronze,0.2789550037610853,-0.5532947556651122,-0.7320862309403353
13973,288,1,244.25,0,Bronze,0.4142577708862354,-0.5532947556651122,-0.4528742660838521
13974,50,2,657.82,2,Silver,-0.2501888955329656,-0.22963807175534695,0.085458441817701
13975,32,12,4773.7300000000005,1,Platinum,-0.4169394232008936,0.9408443783721279,1.1644652160250517
13976,207,4,924.6800000000001,3,Gold,0.288275523381422,0.17812112660243817,0.2707249699187744
13977,412,1,220.05,0,Bronze,0.5510162199438734,-0.5532947556651122,-0.5094706157345834
13978,15,2,80.44999999999999,2,Silver,-0.6942397615052628,-0.22963807175534695,-1.0533749280998066
13979,74,6,3026.52,1,Platinum,-0.10245916312994499,0.44670524433488773,0.916268661105876
13980,61,5,557.15,3,Gold,-0.17537500734875106,0.32365668390976515,-0.0048777676724717466
13981,416,1,247.39000000000001,0,Bronze,0.5547083396853054,-0.5532947556651122,-0.44594362724842046
13982,40,9,2434.37,1,Platinum,-0.33379189688341554,0.7314158822675506,0.7977007911681046
13983,40,17,3604.21,1,Platinum,-0.33379189688341554,1.2006081234846424,1.0114063133834301
13984,27,11,833.12,1,Platinum,-0.47987643939483643,0.8769514395748774,0.2139858085573551
13985,5,22,9285.02,1,Platinum,-1.0699507790131246,1.3962735958823376,1.5268354127037183
13986,18,1,150.06,2,Silver,-0.628411754550284,-0.5532947556651122,-0.7168733421041447
13987,380,2,574.78,3,Gold,0.5201235606051635,-0.22963807175534695,0.012063627410313386
13988,20,8,3336.98,1,Platinum,-0.5900743396182883,0.6473133678195304,0.9694508183001508
13989,66,5,889.01,3,Gold,-0.14566597995919667,0.32365668390976515,0.2493174974668754
13990,214,1,282.5,0,Bronze,0.3009546061723703,-0.5532947556651122,-0.3739176617126436
13991,13,6,622.0,2,Silver,-0.7453895566792464,0.44670524433488773,0.05500336288376477
13992,31,3,159.5,2,Silver,-0.42872664422085277,0.0,-0.6838507349927168
13993,43,18,4839.06,1,Platinum,-0.3067415229774418,1.2437665043036517,1.1718685551690713
13994,4,6,1987.8400000000001,1,Platinum,-1.1397898640591078,0.44670524433488773,0.6873579331046884
13995,16,14,3541.61,1,Platinum,-0.6710172298783336,1.0550725661773155,1.001863862444971
13996,387,2,453.6,3,Gold,0.5270974364604317,-0.22963807175534695,-0.11667119611473745
13997,520,2,242.11,0,Bronze,0.6400007084645194,-0.22963807175534695,-0.4576487295443749
13998,447,3,449.1,3,Gold,0.5821760297428034,0.0,-0.12209070098631297
13999,11,29,7921.34,1,Platinum,-0.8044376617287146,1.608367321842428,1.4403121930094798
14000,212,4,809.6,3,Gold,0.2973746319129746,0.17812112660243817,0.19840381370196083
14001,46,9,2251.9700000000003,1,Platinum,-0.281476029400742,0.7314158822675506,0.7552903196824008
14002,135,2,318.52,0,Bronze,0.1255221219748964,-0.22963807175534695,-0.3087582104505886
14003,733,1,199.32999999999998,0,Bronze,0.7712960662631781,-0.5532947556651122,-0.5630890745849927
14004,44,11,3823.38,1,Platinum,-0.2981331953683717,0.8769514395748774,1.0435570102959255
14005,10,4,841.86,2,Silver,-0.8377677575462616,0.17812112660243817,0.21966433415158684
14006,116,7,861.32,3,Gold,0.06787972293451836,0.5532947556651121,0.23209915598095218
14007,513,1,59.58,0,Bronze,0.6348192165065734,-0.5532947556651122,-1.214642040502524
14008,433,1,448.8,0,Bronze,0.5700145493304952,-0.5532947556651122,-0.12245392547818638
14009,199,3,912.11,3,Gold,0.2732518543779168,0.0,0.263276655258238
14010,566,2,312.55,0,Bronze,0.6724106634178157,-0.22963807175534695,-0.31903325178805114
14011,481,2,262.58,0,Bronze,0.61019680103049,-0.22963807175534695,-0.41360743707211817
14012,278,1,194.4,0,Bronze,0.40076854405757495,-0.5532947556651122,-0.5766634082233308
14013,111,5,879.62,3,Gold,0.05114979517398336,0.32365668390976515,0.24353933230705418
14014,78,3,653.89,3,Gold,-0.08255575351694985,0.0,0.08219900590725139
14015,53,1,455.70000000000005,2,Silver,-0.2282941103223884,-0.5532947556651122,-0.11416042687631453
14016,162,11,6981.78,1,Platinum,0.19489148966269906,0.8769514395748774,1.3715399212518902
14017,572,1,217.0,0,Bronze,0.6764428528349905,-0.5532947556651122,-0.5170396583426923
14018,646,1,285.85,0,Bronze,0.7229688685783094,-0.5532947556651122,-0.36751800819794495
14019,47,3,831.17,2,Silver,-0.2734114271598946,0.0,0.21271074354901967
14020,17,4,994.39,2,Silver,-0.6491224446677566,0.17812112660243817,0.3102789988437864
14021,156,6,1209.6100000000001,3,Gold,0.18052526380285028,0.44670524433488773,0.4169162251121032
14022,226,2,642.75,3,Gold,0.3217590557952916,-0.22963807175534695,0.07285237325605322
14023,8,2,450.53000000000003,2,Silver,-0.9146355619521664,-0.22963807175534695,-0.12036265158487419
14024,122,3,519.29,3,Gold,0.08703643746195228,0.0,-0.043143606549860644
14025,465,8,2028.59,3,Gold,0.597265464813531,0.6473133678195304,0.6984072187010575
14026,471,2,713.11,3,Gold,0.6021660151178568,-0.22963807175534695,0.12936013246492545
14027,61,1,104.82,0,Bronze,-0.17537500734875106,-0.5532947556651122,-0.9107796526509968
14029,64,2,255.9,2,Silver,-0.1572745791724231,-0.22963807175534695,-0.4275918542024778
14030,19,20,5339.93,1,Platinum,-0.6087636294902878,1.3236566839097652,1.2255141244177965
14031,8,38,15090.59,1,Platinum,-0.9146355619521664,1.8177958179470048,1.791393757087423
14032,3,16,3201.43,1,Platinum,-1.2252659960740826,1.1549822427096075,0.9468666113030619
14034,23,3,331.99,2,Silver,-0.5389245444443046,0.0,-0.2862629910907878
14035,29,8,1431.6100000000001,1,Platinum,-0.4534484124293297,0.6473133678195304,0.5086421466922835
14036,285,1,568.37,0,Bronze,0.41026064462483297,-0.5532947556651122,0.005964772610976801
14037,177,6,608.0,3,Gold,0.22861305660026304,0.44670524433488773,0.04262155307879953
14038,79,5,2650.38,3,Gold,-0.07773739492146804,0.32365668390976515,0.8439967226981633
14039,34,2,114.4,2,Silver,-0.3944003073798616,-0.22963807175534695,-0.8635667249058235
14040,41,35,9866.97,1,Platinum,-0.3245612223338783,1.7539028791497544,1.5599491507768712
14041,267,1,141.41,0,Bronze,0.3853602546096233,-0.5532947556651122,-0.7489970979193529
14042,726,1,312.08,0,Bronze,0.7676254273564499,-0.5532947556651122,-0.3198504640272173
14043,492,2,180.22,0,Bronze,0.618840447846408,-0.22963807175534695,-0.6177051986813161
14044,27,10,2712.9900000000002,1,Platinum,-0.47987643939483643,0.8074958608438627,0.8567115904426817
14045,541,2,34.0,0,Bronze,0.6551374729685795,-0.22963807175534695,-1.5135153747597843
14046,285,1,13.0,0,Bronze,0.41026064462483297,-0.5532947556651122,-2.0126887396352573
14047,9,14,2529.9,1,Platinum,-0.8742767467746977,1.0550725661773155,0.8186617492900756
14048,306,2,683.54,3,Gold,0.43740232705078874,-0.22963807175534695,0.10632158470594623
14049,17,12,8692.19,1,Platinum,-0.6491224446677566,0.9408443783721279,1.4908964829598141
14050,32,2,621.62,2,Silver,-0.4169394232008936,-0.22963807175534695,0.05467097426620348
14051,1,36,11063.62,1,Platinum,-1.4907791133584927,1.775773715754242,1.6223033998693268
14052,20,2,414.26,2,Silver,-0.5900743396182883,-0.22963807175534695,-0.16598056682465684
14053,160,3,110.0,0,Bronze,0.19016236221820432,0.0,-0.8847444373563613
14054,66,1,92.46000000000001,0,Bronze,-0.14566597995919667,-0.5532947556651122,-0.9784441230015739
14055,107,3,572.09,3,Gold,0.0372190069620216,0.0,0.00951251091707833
14056,2,23,7578.55,1,Platinum,-1.3354638962975345,1.4302461952399896,1.416215225032121
14057,24,19,4266.97,1,Platinum,-0.523287497475313,1.2847106379326625,1.103341806117761
14058,463,2,376.73,0,Bronze,0.595617916219479,-0.22963807175534695,-0.21758458604918554
14059,267,1,132.6,0,Bronze,0.3853602546096233,-0.5532947556651122,-0.7837864830669046
14060,5,22,2094.6,1,Platinum,-1.0699507790131246,1.3962735958823376,0.7158433830566661
14061,725,2,441.98,0,Bronze,0.7670981671801571,-0.22963807175534695,-0.13077724325432233
14062,10,20,4774.06,1,Platinum,-0.8377677575462616,1.3236566839097652,1.1645028663062702
14063,687,2,62.9,0,Bronze,0.7465047087262154,-0.22963807175534695,-1.1855757494053094
14064,30,15,1567.53,1,Platinum,-0.44088812463316107,1.1065895113302244,0.5580211606050735
14065,390,3,611.8000000000001,3,Gold,0.530047806303527,0.0,0.04601025198171435
14066,267,1,114.30000000000001,0,Bronze,0.3853602546096233,-0.5532947556651122,-0.8640390059759001
14067,64,2,260.59,2,Silver,-0.1572745791724231,-0.22963807175534695,-0.4177360422374634
14068,321,4,1274.67,3,Gold,0.45567547950261433,0.17812112660243817,0.4454337142379227
14069,515,2,187.36,0,Bronze,0.6363068085027636,-0.22963807175534695,-0.596653269701211
14070,685,1,243.45000000000002,0,Bronze,0.7453895566792459,-0.5532947556651122,-0.45465421842970105
14071,4,8,1072.13,1,Platinum,-1.1397898640591078,0.6473133678195304,0.3512463151043089
14072,667,1,319.95,0,Bronze,0.7352043477269815,-0.5532947556651122,-0.3063255243537376
14073,33,1,137.12,0,Bronze,-0.4055041125939236,-0.5532947556651122,-0.7656603569121981
14074,624,1,20.0,0,Bronze,0.7097172356922766,-0.5532947556651122,-1.7918010068302204
14075,5,5,799.64,2,Silver,-1.0699507790131246,0.32365668390976515,0.19166857889068334
14076,130,1,101.72,0,Bronze,0.11117383567517708,-0.5532947556651122,-0.9269773180411961
14077,79,5,454.35,3,Gold,-0.07773739492146804,0.32365668390976515,-0.1157731638543225
14078,102,9,1141.48,3,Gold,0.019061368053364374,0.7314158822675506,0.3853611399097321
14079,125,1,34.15,0,Bronze,0.09626711201148971,-0.5532947556651122,-1.5111856084996498
14080,33,5,590.1,2,Silver,-0.4055041125939236,0.32365668390976515,0.026369212673523715
14081,303,10,3989.13,3,Gold,0.43364071458735604,0.8074958608438627,1.0666704740005828
14082,365,2,366.56,0,Bronze,0.5047377792782392,-0.22963807175534695,-0.2324532081236658
14083,5,9,955.02,1,Platinum,-1.0699507790131246,0.7314158822675506,0.28829412744679783
14084,513,1,26.4,0,Bronze,0.6348192165065734,-0.5532947556651122,-1.6468793337581826
14085,3,32,7931.83,1,Platinum,-1.2252659960740826,1.6844473004187401,1.4410330560420774
14087,3,3,615.67,2,Silver,-1.2252659960740826,0.0,0.04943984486389507
14088,11,14,19385.03,1,Platinum,-0.8044376617287146,1.0550725661773155,1.9278139216030155
14089,57,1,97.55,0,Bronze,-0.200921435633751,-0.5532947556651122,-0.9495543717780228
14092,8,24,6387.110000000001,1,Platinum,-0.9146355619521664,1.4628317645351008,1.3230501189337607
14093,13,1,381.9,2,Silver,-0.7453895566792464,-0.5532947556651122,-0.21017878762914377
14094,440,1,234.37,0,Bronze,0.576143551406326,-0.5532947556651122,-0.4752751109021591
14095,723,1,2.95,0,Bronze,0.76604146455804,-0.5532947556651122,-2.702016785247533
14096,5,17,38290.659999999996,1,Platinum,-1.0699507790131246,1.2006081234846424,2.2986318528904572
14097,482,2,306.86,0,Bronze,0.6109906965635722,-0.22963807175534695,-0.3290101208488699
14098,37,1,61.19,0,Bronze,-0.36289863726587396,-0.5532947556651122,-1.2003528829767558
14099,17,20,4870.96,1,Platinum,-0.6491224446677566,1.3236566839097652,1.1754473004032988
14100,138,1,191.95,0,Bronze,0.13388000533993724,-0.5532947556651122,-0.5835372042788934
14101,295,4,398.17,3,Gold,0.42342532366623076,0.17812112660243817,-0.1875087261690793
14102,6,5,468.68,2,Silver,-1.0109026739636562,0.32365668390976515,-0.09889313349864777
14103,666,1,0.0,0,Bronze,0.7346304832636996,-0.5532947556651122,-3.4503843110276082
14104,166,4,476.05,3,Gold,0.20417811315816187,0.17812112660243817,-0.09041113428870785
14105,240,5,4827.76,3,Gold,0.34468368374608005,0.32365668390976515,1.1705951891038906
14107,52,11,3151.4300000000003,1,Platinum,-0.23545421519469298,0.8769514395748774,0.9382938430257542
14108,31,4,729.77,2,Silver,-0.42872664422085277,0.17812112660243817,0.14192363034636585
14109,73,1,144.2,0,Bronze,-0.10760091090258887,-0.5532947556651122,-0.7384274152124002
14110,37,31,6542.27,1,Platinum,-0.36289863726587396,1.6598842669953369,1.3361239794072923
14111,96,2,63.3,0,Bronze,-0.003928798108388237,-0.22963807175534695,-1.1821761990274304
14112,23,13,4653.2,1,Platinum,-0.5389245444443046,0.9999999999999998,1.150536710914537
14113,4,11,1222.53,1,Platinum,-1.1397898640591078,0.8769514395748774,0.42269943753886036
14114,331,6,1020.73,3,Gold,0.46739059615387146,0.44670524433488773,0.32450742380294995
14115,502,2,100.55,0,Bronze,0.6265325628990522,-0.22963807175534695,-0.9332180298558278
14116,20,5,1146.64,2,Silver,-0.5900743396182883,0.32365668390976515,0.3878160766352105
14118,429,1,279.35,0,Bronze,0.5664677234567803,-0.5532947556651122,-0.38000460973286804
14119,376,2,117.04,0,Bronze,0.5160807319685239,-0.22963807175534695,-0.8512443257090391
14121,4,4,2052.8,2,Silver,-1.1397898640591078,0.17812112660243817,0.7048671384568136
14122,407,2,198.74,0,Bronze,0.5463504563202642,-0.22963807175534695,-0.5646958842899926
14123,734,1,359.83,0,Bronze,0.7718175836447527,-0.5532947556651122,-0.2425204743666305
14125,11,3,2256.79,2,Silver,-0.8044376617287146,0.0,0.7564545679190737
14126,11,2,461.95000000000005,2,Silver,-0.8044376617287146,-0.22963807175534695,-0.10675564560702187
14127,123,6,1767.6000000000001,3,Gold,0.09013810993565893,0.44670524433488773,0.6234212131605974
14128,61,3,754.75,2,Silver,-0.17537500734875106,0.0,0.16023457153812484
14129,2,9,2103.3,1,Platinum,-1.3354638962975345,0.7314158822675506,0.7181003699120903
14130,320,4,1368.85,3,Gold,0.45448401833177093,0.17812112660243817,0.4842379657538461
14131,649,1,168.22,0,Bronze,0.7247409046957818,-0.5532947556651122,-0.6550289693305756
14132,3,11,2282.23,1,Platinum,-1.2252659960740826,0.8769514395748774,0.7625585934545104
14133,130,3,455.55,3,Gold,0.11117383567517708,0.0,-0.11433938428724687
14134,383,13,2799.53,3,Gold,0.5231279246933352,0.9999999999999998,0.8738114654620692
14135,2,21,2020.92,1,Platinum,-1.3354638962975345,1.360790616508975,0.6963445614231755
14136,401,5,1329.01,3,Gold,0.5406754716705815,0.32365668390976515,0.4681590145797106
14137,696,1,19.8,0,Bronze,0.7514831038811535,-0.5532947556651122,-1.7970142158015396
14138,2,2,645.72,2,Silver,-1.3354638962975345,-0.22963807175534695,0.07535996833688595
14139,47,4,696.28,2,Silver,-0.2734114271598946,0.17812112660243817,0.11636724217172642
14140,4,2,819.82,2,Silver,-1.1397898640591078,-0.22963807175534695,0.20522938332202562
14141,3,4,791.98,2,Silver,-1.2252659960740826,0.17812112660243817,0.1864314236359872
14142,374,2,604.35,3,Gold,0.5140432034538499,-0.22963807175534695,0.03934665038041201
14143,134,1,115.8,0,Bronze,0.12269513897699648,-0.5532947556651122,-0.8569974234906659
14144,487,1,30.6,0,Bronze,0.6149356795016914,-0.5532947556651122,-1.569186565193833
14146,9,12,5447.56,1,Platinum,-0.8742767467746977,0.9408443783721279,1.2363832582290344
14147,79,7,534.7,3,Gold,-0.07773739492146804,0.5532947556651121,-0.027242704212904853
14148,234,2,145.29,0,Bronze,0.3350263371830528,-0.22963807175534695,-0.7343531155505262
14149,221,1,383.20000000000005,0,Bronze,0.31322742344277893,-0.5532947556651122,-0.20833232768319587
14150,36,2,195.94,2,Silver,-0.37311402818699907,-0.22963807175534695,-0.5723867113474297
14151,674,2,583.8,3,Gold,0.7391975055607913,-0.22963807175534695,0.020531772799404355
14152,76,7,1583.25,3,Gold,-0.09237820086701533,0.5532947556651121,0.5634537962617092
14153,484,1,125.39999999999999,0,Bronze,0.6125735684754067,-0.5532947556651122,-0.8139664184913662
14154,240,7,3894.16,3,Gold,0.34468368374608005,0.5532947556651121,1.053547330610882
14155,267,1,118.75,0,Bronze,0.3853602546096233,-0.5532947556651122,-0.843408980850921
14156,10,105,48718.99,1,Platinum,-0.8377677575462616,2.615933592711631,2.4298451728926564
14157,20,5,908.5,2,Silver,-0.5900743396182883,0.32365668390976515,0.26111860215599436
14158,41,1,281.92,2,Silver,-0.3245612223338783,-0.5532947556651122,-0.3750333366356977
14159,20,20,7155.4800000000005,1,Platinum,-0.5900743396182883,1.3236566839097652,1.3849256830709324
14160,611,6,985.99,3,Gold,0.7016656733812224,0.44670524433488773,0.3056621773442503
14161,216,7,2588.03,3,Gold,0.3045014320460852,0.5532947556651121,0.8310326997461286
14162,174,2,223.06,0,Bronze,0.22210205920393347,-0.22963807175534695,-0.5021025435788569
14163,88,5,1124.96,3,Gold,-0.036900060684146946,0.32365668390976515,0.3774262934046442
14164,81,1,253.2,0,Bronze,-0.06827877959900555,-0.5532947556651122,-0.43334771164583546
14165,276,1,107.69,0,Bronze,0.3980127447067781,-0.5532947556651122,-0.8962013025517873
14166,506,2,221.3,0,Bronze,0.6295666734758351,-0.22963807175534695,-0.5063986769517786
14167,40,8,1154.89,1,Platinum,-0.33379189688341554,0.6473133678195304,0.3917182812544355
14168,421,2,228.65,0,Bronze,0.559274001097281,-0.22963807175534695,-0.48867787605190144
14169,431,2,441.91,3,Gold,0.5682452415308415,-0.22963807175534695,-0.13086333595814395
14170,376,3,482.73,3,Gold,0.5160807319685239,0.0,-0.0828356986563731
14171,99,2,341.74,2,Silver,0.0077387370935071715,-0.22963807175534695,-0.27054092336922064
14172,606,3,188.82,0,Bronze,0.6985232894123563,0.0,-0.5924469278818995
14173,11,6,275.90000000000003,2,Silver,-0.8044376617287146,0.44670524433488773,-0.3867502421625043
14174,34,1,124.51,0,Bronze,-0.3944003073798616,-0.5532947556651122,-0.8178158315176935
14175,60,8,5510.77,1,Platinum,-0.18160367235153863,0.6473133678195304,1.2426669529961556
14176,298,5,615.4000000000001,3,Gold,0.4272880904256429,0.32365668390976515,0.0492012702963391
14177,87,11,1224.1,3,Gold,-0.04122840569303163,0.8769514395748774,0.42339803121788994
14178,9,7,1491.8,1,Platinum,-0.8742767467746977,0.5532947556651121,0.5310627348694211
14179,41,2,621.37,2,Silver,-0.3245612223338783,-0.22963807175534695,0.054452186891391176
14180,11,32,2798.05,1,Platinum,-0.8044376617287146,1.6844473004187401,0.8735234907334323
14181,411,2,295.6,0,Bronze,0.5500876026221844,-0.22963807175534695,-0.3493088651065127
14182,444,4,624.9200000000001,3,Gold,0.5796023058996479,0.17812112660243817,0.05755076278888656
14183,412,2,250.49,0,Bronze,0.5510162199438734,-0.22963807175534695,-0.43918669434937113
14184,67,1,363.09,2,Silver,-0.1399909953095136,-0.5532947556651122,-0.23762067212716104
14185,332,1,12.75,0,Bronze,0.4685426405037371,-0.5532947556651122,-2.022504792236163
14186,428,5,1268.99,3,Gold,0.5655758616857911,0.32365668390976515,0.4430026481578999
14187,474,1,110.75,0,Bronze,0.6045929786173058,-0.5532947556651122,-0.8810758970271735
14188,31,6,1750.7,1,Platinum,-0.42872664422085277,0.44670524433488773,0.6181905293122875
14189,3,16,3805.12,1,Platinum,-1.2252659960740826,1.1549822427096075,1.0409496760349013
14191,2,15,3870.86,1,Platinum,-1.3354638962975345,1.1065895113302244,1.0502788124210052
14192,389,1,182.14,0,Bronze,0.5290668724573551,-0.5532947556651122,-0.6119637344833068
14193,68,3,985.35,3,Gold,-0.13439886011567378,0.0,0.3053088101925567
14194,5,35,14622.83,1,Platinum,-1.0699507790131246,1.7539028791497544,1.7742413455263322
14195,202,1,183.6,0,Bronze,0.2789550037610853,-0.5532947556651122,-0.6076379749675406
14196,107,1,60.72,0,Bronze,0.0372190069620216,-0.5532947556651122,-1.204485657291219
14197,411,1,297.70000000000005,0,Bronze,0.5500876026221844,-0.5532947556651122,-0.3454653081638124
14198,19,9,1169.75,1,Platinum,-0.6087636294902878,0.7314158822675506,0.398677229881848
14199,219,3,275.85,0,Bronze,0.30976084360635325,0.0,-0.38684862160840816
14200,618,1,346.1,0,Bronze,0.7060221479629195,-0.5532947556651122,-0.26365452717994753
14201,61,9,716.13,3,Gold,-0.17537500734875106,0.7314158822675506,0.13165915499916697
14202,382,3,426.01,3,Gold,0.5221290859067854,0.0,-0.15077989384750104
14203,398,1,152.09,0,Bronze,0.5378061364743305,-0.5532947556651122,-0.7096011930484798
14204,3,4,809.12,2,Silver,-1.2252659960740826,0.17812112660243817,0.19808112677991618
14205,17,9,1466.3300000000002,1,Platinum,-0.6491224446677566,0.7314158822675506,0.5216876116500931
14206,240,3,794.75,3,Gold,0.34468368374608005,0.0,0.1883310938735915
14207,688,1,55.8,0,Bronze,0.7470610696919917,-0.5532947556651122,-1.249741141664149
14208,95,2,359.14,2,Silver,-0.007898309875484755,-0.22963807175534695,-0.24356322421506393
14209,11,15,3549.3,1,Platinum,-0.8044376617287146,1.1065895113302244,1.0030451351432828
14210,106,16,4891.1,1,Platinum,0.03365568398640279,1.1549822427096075,1.1776946868039797
14211,54,17,3324.07,1,Platinum,-0.22126539096246675,1.2006081234846424,0.9673397522605675
14212,446,1,136.0,0,Bronze,0.5813200417718559,-0.5532947556651122,-0.7700958955314763
14214,31,5,807.76,2,Silver,-0.42872664422085277,0.32365668390976515,0.19716580781941856
14215,12,9,2387.94,1,Platinum,-0.7737769457562178,0.7314158822675506,0.7872144256404355
14216,4,5,1095.95,2,Silver,-1.1397898640591078,0.32365668390976515,0.36320632561990296
14217,2,23,2186.0,1,Platinum,-1.3354638962975345,1.4302461952399896,0.7391003320662818
14218,43,1,146.20000000000002,0,Bronze,-0.3067415229774418,-0.5532947556651122,-0.7309748204626108
14219,5,3,416.28000000000003,2,Silver,-1.0699507790131246,0.0,-0.16333697001615022
14220,248,4,792.6,3,Gold,0.35719269593041963,0.17812112660243817,0.18685719636591586
14221,43,16,4155.74,1,Platinum,-0.3067415229774418,1.1549822427096075,1.0889557973920494
14222,178,1,521.3,0,Bronze,0.23075902556077962,-0.5532947556651122,-0.04104306562993732
14223,93,3,782.76,3,Gold,-0.015962912116332044,0.0,0.18006018471016966
14224,111,9,1114.13,3,Gold,0.05114979517398336,0.7314158822675506,0.37216102341648133
14225,435,4,1242.27,3,Gold,0.5717757223529184,0.17812112660243817,0.43141851598267467
14226,30,5,1535.13,2,Silver,-0.44088812463316107,0.32365668390976515,0.5466502606977165
14227,27,14,5611.83,1,Platinum,-0.47987643939483643,1.0550725661773155,1.252565123777253
14228,438,3,665.6,3,Gold,0.5744023917830158,0.0,0.09185401055909
14229,52,7,1340.66,3,Gold,-0.23545421519469298,0.5532947556651121,0.47291011237707786
14230,436,3,683.0,3,Gold,0.5726532816315767,0.0,0.10589166792955267
14231,184,4,1076.77,3,Gold,0.24338833839679566,0.17812112660243817,0.35359674087707743
14232,43,5,1432.92,3,Gold,-0.3067415229774418,0.32365668390976515,0.5091400705554638
14233,50,7,1885.95,1,Platinum,-0.2501888955329656,0.5532947556651121,0.6587082707764461
14234,23,4,598.74,2,Silver,-0.5389245444443046,0.17812112660243817,0.03427447079447066
14235,76,9,1454.81,3,Gold,-0.09237820086701533,0.7314158822675506,0.5173936988804254
14236,81,5,728.87,3,Gold,-0.06827877959900555,0.32365668390976515,0.141252282684736
14237,374,2,330.85,0,Bronze,0.5140432034538499,-0.22963807175534695,-0.28813124647285837
14238,327,3,109.8,0,Bronze,0.46274745496981445,0.0,-0.8857269014282525
14239,44,21,3822.05,1,Platinum,-0.2981331953683717,1.360790616508975,1.0433675211925308
14240,31,3,1017.6400000000001,2,Silver,-0.42872664422085277,0.0,0.32285737044616614
14241,184,1,174.10000000000002,0,Bronze,0.24338833839679566,-0.5532947556651122,-0.6364207247678514
14242,235,2,235.15,0,Bronze,0.33665289783344715,-0.22963807175534695,-0.4734727449021412
14243,9,17,5245.3,1,Platinum,-0.8742767467746977,1.2006081234846424,1.2157753083468343
14244,661,1,94.5,0,Bronze,0.7317481938362457,-0.5532947556651122,-0.9666809288105126
14245,220,2,1447.1200000000001,3,Gold,0.311498055008351,-0.22963807175534695,0.5145084098971451
14246,111,3,1169.1000000000001,3,Gold,0.05114979517398336,0.0,0.3983746863389128
14247,279,5,548.02,3,Gold,0.40213904447336823,0.32365668390976515,-0.01386269188575217
14248,319,3,559.37,3,Gold,0.45328883964735195,0.0,-0.0027152588069300583
14249,411,12,3131.6310000000003,3,Gold,0.5500876026221844,0.9408443783721279,0.934861558352353
14250,8,3,1684.39,2,Silver,-0.9146355619521664,0.0,0.5971677505619047
14251,2,5,1395.3000000000002,2,Silver,-1.3354638962975345,0.32365668390976515,0.49465661199529526
14252,382,1,99.78999999999999,0,Bronze,0.5221290859067854,-0.5532947556651122,-0.9373104667839239
14253,494,2,310.35,0,Bronze,0.6203912777282693,-0.22963807175534695,-0.3228691056785526
14254,433,1,421.03000000000003,0,Bronze,0.5700145493304952,-0.5532947556651122,-0.15717067988856462
14256,261,5,1736.54,3,Gold,0.3766869529595871,0.32365668390976515,0.6137688941943448
14257,65,9,3993.83,1,Platinum,-0.1514263059164838,0.7314158822675506,1.0673117917636525
14258,90,21,7026.46,1,Platinum,-0.028387389076971702,1.360790616508975,1.3750146200792877
14259,142,1,80.4,0,Bronze,0.14474752734042295,-0.5532947556651122,-1.0537094544721317
14260,472,3,649.0,3,Gold,0.6029767126852164,0.0,0.07811595217611264
14261,51,2,745.99,2,Silver,-0.24275071118739783,-0.22963807175534695,0.15388311567021587
14262,9,8,2062.39,1,Platinum,-0.8742767467746977,0.6473133678195304,0.7074049921951727
14263,424,1,309.73,0,Bronze,0.5619875032892562,-0.5532947556651122,-0.32395501534794535
14264,155,6,1242.56,3,Gold,0.17807762315797018,0.44670524433488773,0.4315455733955082
14265,110,4,920.1800000000001,3,Gold,0.047714306158368955,0.17812112660243817,0.26807019623547323
14267,163,3,853.5,3,Gold,0.19723433768540444,0.0,0.22713628370313538
14268,471,1,294.85,0,Bronze,0.6021660151178568,-0.5532947556651122,-0.3506881624427336
14269,440,1,140.25,0,Bronze,0.576143551406326,-0.5532947556651122,-0.753452741237231
14270,332,1,381.05,0,Bronze,0.4685426405037371,-0.5532947556651122,-0.2113894809914972
14271,226,2,194.28,0,Bronze,0.3217590557952916,-0.22963807175534695,-0.576998071598377
14272,74,4,624.0,3,Gold,-0.10245916312994499,0.17812112660243817,0.056749441879216884
14273,52,4,559.97,2,Silver,-0.23545421519469298,0.17812112660243817,-0.0021322674941748362
14274,687,1,256.6,0,Bronze,0.7465047087262154,-0.5532947556651122,-0.4261094691239596
14275,396,4,145.58,0,Bronze,0.5358812356518636,0.17812112660243817,-0.7332742399818671
14276,99,7,1811.83,3,Gold,0.0077387370935071715,0.5532947556651121,0.636877668017541
14277,16,7,3396.6,1,Platinum,-0.6710172298783336,0.5532947556651121,0.979095245105881
14278,410,1,144.75,0,Bronze,0.5491567286340684,-0.5532947556651122,-0.7363677674652301
14279,682,1,110.5,0,Bronze,0.7437107178008219,-0.5532947556651122,-0.8822960009643066
14280,197,1,108.54,0,Bronze,0.2694020284288844,-0.5532947556651122,-0.89195750385438
14281,409,1,137.65,0,Bronze,0.5482235869847893,-0.5532947556651122,-0.7635739188701981
14282,4,24,3571.04,1,Platinum,-1.1397898640591078,1.4628317645351008,1.0063708598179266
14283,464,4,489.48,3,Gold,0.5964425762960016,0.17812112660243817,-0.0752864062815307
14284,31,3,1066.99,2,Silver,-0.42872664422085277,0.0,0.34863071677693924
14285,22,8,1020.59,1,Platinum,-0.555227194461042,0.6473133678195304,0.3244327720936248
14286,24,7,5046.43,1,Platinum,-0.523287497475313,0.5532947556651121,1.1947230520658345
14287,9,1,93.35,2,Silver,-0.8742767467746977,-0.5532947556651122,-0.9732808789805533
14288,214,1,306.0,0,Bronze,0.3009546061723703,-0.5532947556651122,-0.33053407043252825
14289,9,6,800.26,2,Silver,-0.8742767467746977,0.44670524433488773,0.19209027968174147
14290,12,8,2493.79,1,Platinum,-0.7737769457562178,0.6473133678195304,0.8108330903792397
14291,2,23,6010.01,1,Platinum,-1.3354638962975345,1.4302461952399896,1.2899028514329085
14292,8,15,2588.83,1,Platinum,-0.9146355619521664,1.1065895113302244,0.8312010074229675
14293,4,9,2143.79,1,Platinum,-1.1397898640591078,0.7314158822675506,0.7284831366797574
14294,408,1,362.14,0,Bronze,0.5472881665990617,-0.5532947556651122,-0.23904398432713556
14295,41,4,1384.45,3,Gold,-0.3245612223338783,0.17812112660243817,0.49040687601618327
14296,422,2,270.05,0,Bronze,0.560180639289994,-0.22963807175534695,-0.3983829157472049
14297,18,4,856.85,2,Silver,-0.628411754550284,0.17812112660243817,0.22926786022903248
14298,9,67,27509.190000000002,1,Platinum,-0.8742767467746977,2.261571754039832,2.118487642795492
14299,9,24,3685.31,1,Platinum,-0.8742767467746977,1.4628317645351008,1.0235253695597215
14300,19,1,43.2,0,Bronze,-0.6087636294902878,-0.5532947556651122,-1.3863772925502584
14301,118,4,692.11,3,Gold,0.0743723268009127,0.17812112660243817,0.1130994921406494
14302,431,3,481.3,3,Gold,0.5682452415308415,0.0,-0.08444854816771578
14303,408,2,277.94,0,Bronze,0.5472881665990617,-0.22963807175534695,-0.38275143532050254
14304,223,3,1480.1200000000001,3,Gold,0.31666291245839334,0.0,0.5267835219102992
14305,72,3,1639.72,3,Gold,-0.11281261657107146,0.0,0.5825340702446401
14306,52,3,602.54,2,Silver,-0.23545421519469298,0.0,0.0377153264005573
14307,89,10,3447.9,1,Platinum,-0.032620078083961696,0.8074958608438627,0.9872592825190588
14309,9,11,2379.81,1,Platinum,-0.8742767467746977,0.8769514395748774,0.7853572907237825
14310,433,1,432.1,0,Bronze,0.5700145493304952,-0.5532947556651122,-0.14306520065382944
14311,243,2,422.16,3,Gold,0.34942256221728135,-0.22963807175534695,-0.15571397204669085
14312,47,11,2227.03,1,Platinum,-0.2734114271598946,0.8769514395748774,0.7492261115903521
14314,107,2,38.4,0,Bronze,0.0372190069620216,-0.22963807175534695,-1.449004202622491
14315,45,8,2646.92,1,Platinum,-0.28971407717663195,0.6473133678195304,0.8432853359673168
14316,548,3,81.9,0,Bronze,0.6600529963391973,0.0,-1.0437619562968852
14317,65,1,461.02,2,Silver,-0.1514263059164838,-0.5532947556651122,-0.10785112333780497
14318,461,1,84.10000000000001,0,Bronze,0.5939632507627625,-0.5532947556651122,-1.0294931930550337
14319,425,1,409.05,0,Bronze,0.5628877491973846,-0.5532947556651122,-0.17285876193390243
14320,207,5,1100.7,3,Gold,0.288275523381422,0.32365668390976515,0.3655602163091431
14321,11,7,1409.07,1,Platinum,-0.8044376617287146,0.5532947556651121,0.500002755379182
14322,430,4,219.10000000000002,0,Bronze,0.5673575135377023,0.17812112660243817,-0.5118169295562518
14323,115,2,470.56,3,Gold,0.06459168165065898,-0.22963807175534695,-0.09671689666047392
14324,410,2,678.51,3,Gold,0.5491567286340684,-0.22963807175534695,0.10230378974665812
14325,570,1,177.92000000000002,0,Bronze,0.6751035002201241,-0.5532947556651122,-0.6246636162396645
14326,243,3,764.7,3,Gold,0.34942256221728135,0.0,0.167360142897279
14327,164,6,1461.71,3,Gold,0.1995629433829011,0.44670524433488773,0.5199696364426528
14329,18,15,7710.860000000001,1,Platinum,-0.628411754550284,1.1065895113302244,1.425642888703699
14330,624,1,200.63,0,Bronze,0.7097172356922766,-0.5532947556651122,-0.5595652836430013
14331,125,2,412.5,3,Gold,0.09626711201148971,-0.22963807175534695,-0.16829440320323652
14332,23,5,1042.55,2,Silver,-0.5389245444443046,0.32365668390976515,0.336019139955633
14333,68,1,290.2,0,Bronze,-0.13439886011567378,-0.5532947556651122,-0.3593186444091886
14334,17,12,3248.98,1,Platinum,-0.6491224446677566,0.9408443783721279,0.954896037923702
14335,17,2,371.7,2,Silver,-0.6491224446677566,-0.22963807175534695,-0.22488777282220096
14336,17,4,1044.23,2,Silver,-0.6491224446677566,0.17812112660243817,0.33689546410667787
14338,162,3,630.35,3,Gold,0.19489148966269906,0.0,0.06225643945531575
14339,243,2,308.77,0,Bronze,0.34942256221728135,-0.22963807175534695,-0.3256407060821437
14340,219,1,134.7,0,Bronze,0.30976084360635325,-0.5532947556651122,-0.775289987201363
14341,46,18,3973.09,1,Platinum,-0.281476029400742,1.2437665043036517,1.0644761042455095
14342,22,5,437.51,2,Silver,-0.555227194461042,0.32365668390976515,-0.1363023663955162
14343,422,4,1059.21,3,Gold,0.560180639289994,0.17812112660243817,0.34464765356615584
14344,128,19,2083.4500000000003,1,Platinum,0.1052805739339436,1.2847106379326625,0.7129370691054248
14345,39,1,69.38,0,Bronze,-0.3432505122058779,-0.5532947556651122,-1.1329559431791958
14346,121,5,1657.05,3,Gold,0.08390944493287138,0.32365668390976515,0.5882580570992968
14347,737,1,82.60000000000001,0,Bronze,0.7733778890917304,-0.5532947556651122,-1.0391812286937212
14348,261,1,369.27,0,Bronze,0.3766869529595871,-0.5532947556651122,-0.22845133753756616
14349,11,1,133.5,2,Silver,-0.8044376617287146,-0.5532947556651122,-0.7801288896021158
14350,275,3,818.2,3,Gold,0.39662737445314583,0.0,0.20415313096048526
14351,165,1,51.0,0,Bronze,0.20187747886946178,-0.5532947556651122,-1.2978408509260666
14352,158,4,646.86,3,Gold,0.185374119150675,0.17812112660243817,0.07631942237753639
14353,216,3,254.72,0,Bronze,0.3045014320460852,0.0,-0.4300998992575408
14354,6,2,97.14,2,Silver,-1.0109026739636562,-0.22963807175534695,-0.9518255452733252
14355,366,3,772.97,3,Gold,0.5057829489787685,0.0,0.17321249091739138
14356,80,2,468.03000000000003,2,Silver,-0.07297889326143023,-0.22963807175534695,-0.09964758284665345
14357,44,1,196.21,2,Silver,-0.2981331953683717,-0.5532947556651122,-0.5716403478225541
14358,390,2,309.1,0,Bronze,0.530047806303527,-0.22963807175534695,-0.3250606613745295
14359,20,3,850.08,2,Silver,-0.5900743396182883,0.0,0.22495152891777456
14360,32,4,1807.19,2,Silver,-0.4169394232008936,0.17812112660243817,0.6354815073447342
14361,579,1,118.8,0,Bronze,0.6810940482344539,-0.5532947556651122,-0.8431815643666278
14362,23,1,138.75,2,Silver,-0.5389245444443046,-0.5532947556651122,-0.7592689122847287
14363,403,2,164.32,0,Bronze,0.5425764902501999,-0.22963807175534695,-0.6677313269518779
14364,109,8,1236.53,3,Gold,0.04424772632194325,0.6473133678195304,0.42889753818951626
14365,395,2,521.38,3,Gold,0.5349151457132943,-0.22963807175534695,-0.040959629372897315
14366,526,1,136.0,0,Bronze,0.6443868761314079,-0.5532947556651122,-0.7700958955314763
14367,9,16,7492.9400000000005,1,Platinum,-0.8742767467746977,1.1549822427096075,1.4100270376561124
14368,320,1,105.2,0,Bronze,0.45448401833177093,-0.5532947556651122,-0.9088268635731269
14369,643,2,413.23,0,Bronze,0.7211885967870243,-0.22963807175534695,-0.16733349393411964
14370,489,5,644.73,3,Gold,0.6165023665837945,0.32365668390976515,0.07452538514389175
14371,296,1,100.5,0,Bronze,0.4247172454898426,-0.5532947556651122,-0.933486326428704
14372,444,2,389.20000000000005,0,Bronze,0.5796023058996479,-0.22963807175534695,-0.19989037910368182
14373,359,1,26.1,0,Bronze,0.4984061564848583,-0.5532947556651122,-1.6528769302643125
14374,542,1,79.30000000000001,0,Bronze,0.6558435643345881,-0.5532947556651122,-1.0611214896283936
14375,186,3,871.84,3,Gold,0.24750724321830736,0.0,0.23870502015264042
14376,684,1,215.46,0,Bronze,0.7448307608724954,-0.5532947556651122,-0.5209017346268742
14377,192,2,85.05000000000001,0,Bronze,0.2596047051701011,-0.22963807175534695,-1.0234453673298713
14378,622,1,118.5,0,Bronze,0.7084894959950994,-0.5532947556651122,-0.8445474894789063
14379,45,4,954.5,2,Silver,-0.28971407717663195,0.17812112660243817,0.28799773125873895
14381,53,2,575.54,2,Silver,-0.2282941103223884,-0.22963807175534695,0.012782229807208856
14382,27,2,918.2,2,Silver,-0.47987643939483643,-0.22963807175534695,0.26689798478675114
14383,39,3,881.27,2,Silver,-0.3432505122058779,0.0,0.24455911341629366
14384,501,1,58.5,0,Bronze,0.6257702652194208,-0.5532947556651122,-1.2244417430327426
14385,10,3,192.75,2,Silver,-0.8377677575462616,0.0,-0.5812831491150647
14386,297,1,142.4,0,Bronze,0.4260048247108977,-0.5532947556651122,-0.7452230481981097
14387,33,3,1516.33,2,Silver,-0.4055041125939236,0.0,0.5399418567190492
14388,11,16,5251.35,1,Platinum,-0.8044376617287146,1.1549822427096075,1.2164031788359215
14389,66,5,1463.24,3,Gold,-0.14566597995919667,0.32365668390976515,0.5205391764974153
14390,11,13,4570.9400000000005,1,Platinum,-0.8044376617287146,0.9999999999999998,1.1408220358474621
14391,577,1,135.6,0,Bronze,0.6797708881706453,-0.5532947556651122,-0.7716888094740222
14392,433,1,206.7,0,Bronze,0.5700145493304952,-0.5532947556651122,-0.5434070062800673
14393,219,1,67.95,0,Bronze,0.30976084360635325,-0.5532947556651122,-1.14413885128384
14394,565,1,93.8,0,Bronze,0.6717344859119654,-0.5532947556651122,-0.9706887590375628
14395,3,19,7051.53,1,Platinum,-1.2252659960740826,1.2847106379326625,1.3769546148194731
14396,66,7,1855.43,3,Gold,-0.14566597995919667,0.5532947556651121,0.6498248886793323
14397,3,17,924.9200000000001,1,Platinum,-1.2252659960740826,1.2006081234846424,0.27086619511210314
14398,402,2,642.23,3,Gold,0.5416271602535235,-0.22963807175534695,0.07241214321498533
14399,395,8,1435.8600000000001,3,Gold,0.5349151457132943,0.6473133678195304,0.5102558944986185
14400,150,3,708.03,3,Gold,0.16559917586154602,0.0,0.12547088088073022
14401,5,22,3784.77,1,Platinum,-1.0699507790131246,1.3962735958823376,1.0380291327132687
14402,653,1,85.2,0,Bronze,0.7270909394138766,-0.5532947556651122,-1.02249655516513
14403,218,3,416.85,3,Gold,0.3080157177742967,0.0,-0.16259331939662963
14404,34,12,1814.43,1,Platinum,-0.3944003073798616,0.9408443783721279,0.6376584380345762
14406,120,1,106.25,0,Bronze,0.08075671555037933,-0.5532947556651122,-0.9034671109075244
14407,134,4,716.33,3,Gold,0.12269513897699648,0.17812112660243817,0.13181106615283972
14408,11,8,917.2700000000001,2,Silver,-0.8044376617287146,0.6473133678195304,0.26634652882735005
14409,72,7,1306.32,3,Gold,-0.11281261657107146,0.5532947556651121,0.4587849305457715
14410,93,11,2319.55,1,Platinum,-0.015962912116332044,0.8769514395748774,0.7713911147322797
14411,311,1,538.2,0,Bronze,0.44359074044238017,-0.5532947556651122,-0.023694981877216668
14412,43,3,929.88,2,Silver,-0.3067415229774418,0.0,0.27377668227381785
14413,363,3,330.47,3,Gold,0.5026388454918482,0.0,-0.28875542476124916
14414,92,8,892.5400000000001,3,Gold,-0.020059790287792888,0.6473133678195304,0.251473940994874
14415,2,23,10658.55,1,Platinum,-1.3354638962975345,1.4302461952399896,1.6019851951438069
14416,23,2,148.94,2,Silver,-0.5389245444443046,-0.22963807175534695,-0.7209275091324976
14417,388,1,379.99,0,Bronze,0.5280834201646555,-0.5532947556651122,-0.2129030664457156
14418,4,3,1228.14,2,Silver,-1.1397898640591078,0.0,0.42519157851238637
14419,11,7,1194.77,1,Platinum,-0.8044376617287146,0.5532947556651121,0.41019693638461346
14420,100,4,1269.3600000000001,3,Gold,0.011550255681379957,0.17812112660243817,0.4431613406121713
14421,58,6,1834.1000000000001,3,Gold,-0.19437333673537285,0.44670524433488773,0.6435292848273562
14422,1,19,8457.85,1,Platinum,-1.4907791133584927,1.2847106379326625,1.4760095313987225
14423,438,1,141.65,0,Bronze,0.5744023917830158,-0.5532947556651122,-0.748079773046385
14425,435,3,603.5500000000001,3,Gold,0.5717757223529184,0.0,0.03862622553921133
14426,24,16,7992.05,1,Platinum,-0.523287497475313,1.1549822427096075,1.4451529637556813
14427,51,3,649.38,2,Silver,-0.24275071118739783,0.0,0.078434343653025
14428,8,5,819.69,2,Silver,-0.9146355619521664,0.32365668390976515,0.20514309581409
14429,404,1,356.20000000000005,0,Bronze,0.5435234733223643,-0.5532947556651122,-0.248028752242991
14430,512,3,1043.6000000000001,3,Gold,0.6340732484858203,0.0,0.33656700772129605
14431,303,4,1431.46,3,Gold,0.43364071458735604,0.17812112660243817,0.5085851034597572
14432,10,6,1929.7,1,Platinum,-0.8377677575462616,0.44670524433488773,0.6711950107016238
14433,466,1,260.8,0,Bronze,0.598086589367184,-0.5532947556651122,-0.41729888064100984
14434,22,4,566.4,2,Silver,-0.555227194461042,0.17812112660243817,0.0040765979593167904
14436,99,1,60.480000000000004,0,Bronze,0.0077387370935071715,-0.5532947556651122,-1.2066081645743616
14437,366,5,688.0,3,Gold,0.5057829489787685,0.32365668390976515,0.10985946536910612
14438,307,1,131.9,0,Bronze,0.43864803370180433,-0.5532947556651122,-0.7866483532593772
14439,320,5,5360.4,3,Gold,0.45448401833177093,0.32365668390976515,1.2275980784740783
14440,9,12,3796.61,1,Platinum,-0.8742767467746977,0.9408443783721279,1.0397302620816724
14441,1,10,3139.29,1,Platinum,-1.4907791133584927,0.8074958608438627,0.936191861360349
14442,205,6,2271.04,3,Gold,0.28457448533777435,0.44670524433488773,0.7598821076617626
14443,54,5,1868.1000000000001,3,Gold,-0.22126539096246675,0.32365668390976515,0.653530316263509
14444,457,1,78.96,0,Bronze,0.5906323214468823,-0.5532947556651122,-1.0634330356058053
14445,456,1,221.65,0,Bronze,0.5897950436105831,-0.5532947556651122,-0.505541629182813
14446,1,5,1077.86,2,Silver,-1.4907791133584927,0.32365668390976515,0.35414742049017256
14447,19,6,1585.03,1,Platinum,-0.6087636294902878,0.44670524433488773,0.5640655414089374
14448,10,2,127.80000000000001,2,Silver,-0.8377677575462616,-0.22963807175534695,-0.803719542475193
14449,19,8,2021.88,1,Platinum,-0.6087636294902878,0.6473133678195304,0.6966031577161069
14450,181,7,1067.3,3,Gold,0.2371257282074383,0.5532947556651121,0.3487888232297628
14451,61,12,2945.9900000000002,1,Platinum,-0.17537500734875106,0.9408443783721279,0.9015817719979655
14452,11,4,622.1,2,Silver,-0.8044376617287146,0.17812112660243817,0.05509079987620237
14453,191,1,109.98,0,Bronze,0.25761480740892523,-0.5532947556651122,-0.884842604070784
14454,377,5,803.2,3,Gold,0.5170954463568579,0.32365668390976515,0.19408552560526424
14455,433,4,366.34999999999997,3,Gold,0.5700145493304952,0.17812112660243817,-0.2327645469296655
14456,6,9,2529.56,1,Platinum,-1.0109026739636562,0.7314158822675506,0.8185885593798318
14457,311,1,38.64,0,Bronze,0.44359074044238017,-0.5532947556651122,-1.4456958350850857
14458,381,1,145.21,0,Bronze,0.5211276357740323,-0.5532947556651122,-0.7346511127847403
14459,156,2,2491.101,3,Gold,0.18052526380285028,-0.22963807175534695,0.8102455887512442
14460,397,3,169.44,0,Bronze,0.5368448951729259,0.0,-0.6511154687826791
14461,149,12,5230.21,1,Platinum,0.163053954154465,0.9408443783721279,1.2142061037851875
14462,67,12,1873.91,1,Platinum,-0.1399909953095136,0.9408443783721279,0.6552210981512343
14463,500,1,81.75,0,Bronze,0.6250064475035297,-0.5532947556651122,-1.0447485720453564
14464,569,1,51.0,0,Bronze,0.6744320636632891,-0.5532947556651122,-1.2978408509260666
14465,247,10,1836.14,3,Gold,0.3556512272200689,0.8074958608438627,0.6441345521965677
14466,30,13,2101.6,1,Platinum,-0.44088812463316107,0.9999999999999998,0.7176600839263177
14467,18,12,2140.84,1,Platinum,-0.628411754550284,0.9408443783721279,0.7277333215637635
14468,734,1,66.25,0,Bronze,0.7718175836447527,-0.5532947556651122,-1.1577389629533492
14469,417,4,1578.5,3,Gold,0.555625835830767,0.17812112660243817,0.5618179598015833
14470,12,3,409.04,2,Silver,-0.7737769457562178,0.0,-0.1728720476996167
14471,592,2,390.3,0,Bronze,0.6895849465177739,-0.22963807175534695,-0.19835677911908395
14472,104,9,1690.33,3,Gold,0.02642802696550642,0.7314158822675506,0.5990843879190558
14473,75,2,196.18,0,Bronze,-0.09738551998146396,-0.22963807175534695,-0.5717232266249469
14474,47,2,1076.14,2,Silver,-0.2734114271598946,-0.22963807175534695,0.3532782041369699
14475,72,4,822.7500000000001,3,Gold,-0.11281261657107146,0.17812112660243817,0.20717055444504773
14476,258,1,132.65,0,Bronze,0.37227552849224704,-0.5532947556651122,-0.7835826379082259
14477,51,1,83.2,0,Bronze,-0.24275071118739783,-0.5532947556651122,-1.0352853156878952
14478,383,4,563.65,3,Gold,0.5231279246933352,0.17812112660243817,0.0014298289252880443
14479,254,4,1008.11,3,Gold,0.3663134710508291,0.17812112660243817,0.31773666501120157
14480,12,4,1096.55,2,Silver,-0.7737769457562178,0.17812112660243817,0.3635042210095343
14481,165,5,1554.79,3,Gold,0.20187747886946178,0.32365668390976515,0.5535782821522788
14482,19,10,1565.29,1,Platinum,-0.6087636294902878,0.8074958608438627,0.55724261583927
14483,282,1,96.60000000000001,0,Bronze,0.40622136862755537,-0.5532947556651122,-0.9548313681365947
14484,51,4,859.54,3,Gold,-0.24275071118739783,0.17812112660243817,0.23097346736340854
14485,39,1,152.85,0,Bronze,-0.3432505122058779,-0.5532947556651122,-0.7069033971073653
14486,512,2,175.5,0,Bronze,0.6340732484858203,-0.22963807175534695,-0.6320823249779604
14487,27,7,1075.8700000000001,2,Silver,-0.47987643939483643,0.5532947556651121,0.35314163135464444
14488,68,1,587.32,2,Silver,-0.13439886011567378,-0.5532947556651122,0.02380103410142276
14489,208,4,1423.95,3,Gold,0.290112718546357,0.17812112660243817,0.505721476235179
14490,407,2,1084.83,3,Gold,0.5463504563202642,-0.22963807175534695,0.35765563930975663
14491,176,2,245.8,0,Bronze,0.226454997609995,-0.22963807175534695,-0.44944207068759573
14492,431,7,1531.48,3,Gold,0.5682452415308415,0.5532947556651121,0.545354277177138
14493,8,10,3810.52,1,Platinum,-0.9146355619521664,0.8074958608438627,1.0417220390937794
14494,26,2,257.16,2,Silver,-0.4938072276067984,-0.22963807175534695,-0.4249264584957416
14495,51,3,174.8,2,Silver,-0.24275071118739783,0.0,-0.6342472062041378
14496,312,7,1517.4,3,Gold,0.44481651575268666,0.5532947556651121,0.5403258899084092
14497,310,2,551.79,3,Gold,0.4423610300520978,-0.22963807175534695,-0.010134618598098902
14498,43,10,2719.48,1,Platinum,-0.3067415229774418,0.8074958608438627,0.8580127657515486
14499,27,7,1986.18,1,Platinum,-0.47987643939483643,0.5532947556651121,0.6869030417753192
14500,89,2,116.10000000000001,0,Bronze,-0.032620078083961696,-0.22963807175534695,-0.8555999635190272
14501,184,2,146.33,0,Bronze,0.24338833839679566,-0.22963807175534695,-0.7304939125209626
14502,20,9,2077.97,1,Platinum,-0.5900743396182883,0.7314158822675506,0.7115029715646646
14503,4,6,2762.2200000000003,1,Platinum,-1.1397898640591078,0.44670524433488773,0.8665049171925079
14504,48,4,560.11,2,Silver,-0.2655131172844102,0.17812112660243817,-0.0019963259113542323
14505,18,19,10704.72,1,Platinum,-0.628411754550284,1.2847106379326625,1.6043397036890386
14506,18,7,2800.4,1,Platinum,-0.628411754550284,0.5532947556651121,0.8739806768876301
14507,41,10,2466.14,1,Platinum,-0.3245612223338783,0.8074958608438627,0.8047615749413631
14508,23,5,697.97,2,Silver,-0.5389245444443046,0.32365668390976515,0.1176860206056251
14509,535,1,101.0,0,Bronze,0.6508733718940333,-0.5532947556651122,-0.930809288215124
14510,376,3,732.01,3,Gold,0.5160807319685239,0.0,0.14359095685203332
14511,12,5,1068.83,2,Silver,-0.7737769457562178,0.32365668390976515,0.3495684836788407
14512,188,7,724.9,3,Gold,0.2515823290724479,0.5532947556651121,0.13828097980457085
14513,289,2,93.0,0,Bronze,0.41558093095004384,-0.22963807175534695,-0.9753055339584394
14514,62,9,3581.05,1,Platinum,-0.16924600527292027,0.7314158822675506,1.007895362060038
14515,18,12,2717.56,1,Platinum,-0.628411754550284,0.9408443783721279,0.8576281499702869
14516,517,1,151.17,0,Bronze,0.6377886457766571,-0.5532947556651122,-0.7128849223499032
14517,34,2,304.95,2,Silver,-0.3944003073798616,-0.22963807175534695,-0.3324005050478928
14518,65,1,120.94,0,Bronze,-0.1514263059164838,-0.5532947556651122,-0.8335360652281786
14519,684,2,203.14,0,Bronze,0.7448307608724954,-0.22963807175534695,-0.552825477086553
14520,2,1,43.2,2,Silver,-1.3354638962975345,-0.5532947556651122,-1.3863772925502584
14521,492,1,165.88,0,Bronze,0.618840447846408,-0.5532947556651122,-0.6626147881908051
14522,72,7,572.66,3,Gold,-0.11281261657107146,0.5532947556651121,0.010054080480269408
14523,109,1,150.41000000000003,0,Bronze,0.04424772632194325,-0.5532947556651122,-0.7156125774122665
14524,32,13,2291.05,1,Platinum,-0.4169394232008936,0.9999999999999998,0.7646589815669563
14525,20,17,3415.12,1,Platinum,-0.5900743396182883,1.2006081234846424,0.9820567051316428
14526,390,1,258.65,0,Bronze,0.530047806303527,-0.5532947556651122,-0.4217912592957505
14527,3,120,18604.82,1,Platinum,-1.2252659960740826,2.7215812330179494,1.9054354593579748
14528,38,1,160.88,0,Bronze,-0.3529486114108498,-0.5532947556651122,-0.6791867004948977
14529,61,3,550.91,2,Silver,-0.17537500734875106,0.0,-0.011002552227124417
14530,26,16,4113.43,1,Platinum,-0.4938072276067984,1.1549822427096075,1.0833822978188532
14531,480,1,338.99,0,Bronze,0.6094012566996857,-0.5532947556651122,-0.27492960585791815
14532,237,11,3525.68,1,Platinum,0.3398854440853227,0.8769514395748774,0.9994086514577691
14533,25,9,676.8100000000001,2,Silver,-0.5082638284718078,0.7314158822675506,0.10093915945958663
14534,3,26,4848.21,1,Platinum,-1.2252659960740826,1.5242648073944076,1.1728974672606354
14535,61,9,5264.47,1,Platinum,-0.17537500734875106,0.7314158822675506,1.2177622945446163
14536,260,1,110.0,0,Bronze,0.3752221157725753,-0.5532947556651122,-0.8847444373563613
14537,58,2,580.2,2,Silver,-0.19437333673537285,-0.22963807175534695,0.017167792558384694
14538,65,5,909.49,3,Gold,-0.1514263059164838,0.32365668390976515,0.2617112740625495
14539,16,2,372.84,2,Silver,-0.6710172298783336,-0.22963807175534695,-0.2232239762991072
14540,10,11,2708.9100000000003,1,Platinum,-0.8377677575462616,0.8769514395748774,0.8558920003932693
14541,59,14,2041.69,1,Platinum,-0.18793529514491986,1.0550725661773155,0.7019121803333469
14542,186,1,103.25,0,Bronze,0.24750724321830736,-0.5532947556651122,-0.9189227909195737
14543,29,35,4885.77,1,Platinum,-0.4534484124293297,1.7539028791497544,1.1771008232332234
14544,25,3,1397.59,2,Silver,-0.5082638284718078,0.0,0.4955493396030813
14545,675,1,275.75,0,Bronze,0.7397645736992869,-0.5532947556651122,-0.3870454338143832
14546,6,11,4751.09,1,Platinum,-1.0109026739636562,0.8769514395748774,1.1618759457463221
14547,4,8,3109.96,1,Platinum,-1.1397898640591078,0.6473133678195304,0.9310797949372964
14548,571,6,894.89,3,Gold,0.675773761909243,0.44670524433488773,0.2529048153621204
14549,312,4,872.69,3,Gold,0.44481651575268666,0.17812112660243817,0.23923528277594636
14550,11,4,989.15,2,Silver,-0.8044376617287146,0.17812112660243817,0.3074035757230255
14551,19,6,471.44,2,Silver,-0.6087636294902878,0.44670524433488773,-0.09570121196247491
14552,152,3,507.93,3,Gold,0.1706394388124024,0.0,-0.055170012447266874
14553,20,8,1101.25,1,Platinum,-0.5900743396182883,0.6473133678195304,0.3658321162209713
14554,11,4,1611.41,2,Silver,-0.8044376617287146,0.17812112660243817,0.5730521233161538
14555,58,6,1945.47,3,Gold,-0.19437333673537285,0.44670524433488773,0.675626680057808
14556,597,3,728.49,3,Gold,0.6928012077100526,0.0,0.14096857619262973
14557,86,1,58.0,0,Bronze,-0.045606218572792845,-0.5532947556651122,-1.2290390376589604
14558,655,2,137.7,0,Bronze,0.7282605722542241,-0.22963807175534695,-0.7633774969534445
14560,30,33,1604.23,1,Platinum,-0.44088812463316107,1.7082769983747197,0.5706208386067376
14561,76,3,799.15,3,Gold,-0.09237820086701533,0.0,0.19133506814081389
14562,4,25,5256.47,1,Platinum,-1.1397898640591078,1.49413913403724,1.216933968947141
14563,510,2,335.86,0,Bronze,0.6325769401081748,-0.22963807175534695,-0.2799681272406338
14564,435,2,1634.08,3,Gold,0.5717757223529184,-0.22963807175534695,0.5806581677521842
14565,96,5,3285.6800000000003,3,Gold,-0.003928798108388237,0.32365668390976515,0.9610133810001686
14567,57,2,1176.6000000000001,3,Gold,-0.200921435633751,-0.22963807175534695,0.40185539959108935
14568,436,1,646.7,3,Gold,0.5726532816315767,-0.5532947556651122,0.07618486405638195
14569,2,4,252.83,2,Silver,-1.3354638962975345,0.17812112660243817,-0.4341412365255389
14570,281,3,355.94,3,Gold,0.4048654222290361,0.0,-0.24842543024202143
14571,426,1,120.2,0,Bronze,0.5637858843277077,-0.5532947556651122,-0.8368521433568823
14572,4,10,3991.52,1,Platinum,-1.1397898640591078,0.8074958608438627,1.0669966852486303
14573,180,12,1365.81,3,Gold,0.23501522998922034,0.9408443783721279,0.48302764348578825
14574,733,1,123.30000000000001,0,Bronze,0.7712960662631781,-0.5532947556651122,-0.8230933170722048
14575,489,1,397.52,0,Bronze,0.6165023665837945,-0.5532947556651122,-0.1883965512527895
14576,373,1,35.400000000000006,0,Bronze,0.5130203605027174,-0.5532947556651122,-1.4921488644628884
14577,13,7,1310.51,1,Platinum,-0.7453895566792464,0.5532947556651121,0.46052816255610296
14578,4,1,106.95,2,Silver,-1.1397898640591078,-0.5532947556651122,-0.8999230154511215
14579,433,1,105.56,0,Bronze,0.5700145493304952,-0.5532947556651122,-0.906983287599804
14580,519,1,14.85,0,Bronze,0.6392647726808068,-0.5532947556651122,-1.945075385358925
14581,17,2,264.22,2,Silver,-0.6491224446677566,-0.22963807175534695,-0.4102283304153674
14582,41,1,66.71000000000001,0,Bronze,-0.3245612223338783,-0.5532947556651122,-1.1540252994482207
14583,6,8,1516.2,1,Platinum,-1.0109026739636562,0.6473133678195304,0.5398951800320689
14584,170,8,1497.31,3,Gold,0.21324491414045238,0.6473133678195304,0.5330698293248917
14585,51,5,708.87,3,Gold,-0.24275071118739783,0.32365668390976515,0.12611590455377225
14586,277,1,46.92,0,Bronze,0.39939312262434723,-0.5532947556651122,-1.3423549292421006
14587,19,9,1387.18,1,Platinum,-0.6087636294902878,0.7314158822675506,0.49147928974999483
14588,579,1,122.64,0,Bronze,0.6810940482344539,-0.5532947556651122,-0.8259936407649883
14589,372,1,39.75,0,Bronze,0.5119947790129729,-0.5532947556651122,-1.4306506803726042
14590,425,20,2462.86,1,Platinum,0.5628877491973846,1.3236566839097652,0.804036826965439
14591,16,4,927.78,2,Silver,-0.6710172298783336,0.17812112660243817,0.2725463170836967
14592,36,3,522.54,2,Silver,-0.37311402818699907,0.0,-0.0397512374726531
14593,22,12,3045.07,1,Platinum,-0.555227194461042,0.9408443783721279,0.9195963897031029
14594,8,2,363.33,2,Silver,-0.9146355619521664,-0.22963807175534695,-0.2372616861356109
14595,20,8,1883.3200000000002,1,Platinum,-0.5900743396182883,0.6473133678195304,0.6579484410181797
14596,627,1,182.27,0,Bronze,0.7115514983716703,-0.5532947556651122,-0.6115771680337044
14597,12,5,570.21,2,Silver,-0.7737769457562178,0.32365668390976515,0.007722455616382829
14598,45,2,361.53999999999996,2,Silver,-0.28971407717663195,-0.22963807175534695,-0.23994483809907863
14599,391,2,457.89,3,Gold,0.5310262345688197,-0.22963807175534695,-0.11155432128338574
14600,306,2,688.38,3,Gold,0.43740232705078874,-0.22963807175534695,0.11015983965446373
14601,11,1,87.0,2,Silver,-0.8044376617287146,-0.5532947556651122,-1.0112378637067025
14602,657,1,192.60999999999999,0,Bronze,0.7294266445629143,-0.5532947556651122,-0.5816769361274089
14604,634,1,94.76,0,Bronze,0.7157975928435902,-0.5532947556651122,-0.9651997838339751
14605,375,4,663.61,3,Gold,0.515063322452488,0.17812112660243817,0.09022525866244871
14606,2,184,23006.11,1,Platinum,-1.3354638962975345,3.060484353686904,2.021107166614711
14607,19,9,2024.98,1,Platinum,-0.6087636294902878,0.7314158822675506,0.6974373710446309
14608,5,8,558.85,2,Silver,-1.0699507790131246,0.6473133678195304,-0.00322102309262075
14610,396,2,24.35,0,Bronze,0.5358812356518636,-0.22963807175534695,-1.6892434630023614
14611,444,2,359.05,0,Bronze,0.5796023058996479,-0.22963807175534695,-0.24369938233021224
14612,416,1,506.5,0,Bronze,0.5547083396853054,-0.5532947556651122,-0.05670288820199758
14614,387,1,243.65,0,Bronze,0.5270974364604317,-0.5532947556651122,-0.45420868482873805
14615,395,5,676.85,3,Gold,0.5349151457132943,0.32365668390976515,0.10097130770798914
14616,386,1,79.2,0,Bronze,0.5261089082793118,-0.5532947556651122,-1.0618003385389314
14617,403,2,136.39000000000001,0,Bronze,0.5425764902501999,-0.22963807175534695,-0.7685472760238025
14618,10,7,683.77,2,Silver,-0.8377677575462616,0.5532947556651121,0.10650459443000776
14619,246,2,940.49,3,Gold,0.35410353033640096,-0.22963807175534695,0.2799508221503844
14620,206,2,324.34000000000003,0,Bronze,0.286429474229694,-0.22963807175534695,-0.29892449938298743
14621,2,9,2395.83,1,Platinum,-1.3354638962975345,0.7314158822675506,0.7890107041728953
14622,185,1,310.5,0,Bronze,0.2454533269966171,-0.5532947556651122,-0.3226067104674686
14623,33,10,1653.33,1,Platinum,-0.4055041125939236,0.8074958608438627,0.5870344243986974
14624,60,5,686.33,3,Gold,-0.18160367235153863,0.32365668390976515,0.10853743261905911
14625,197,11,3602.67,1,Platinum,0.2694020284288844,0.8769514395748774,1.011173557301961
14626,24,11,3117.71,1,Platinum,-0.523287497475313,0.8769514395748774,0.9324352495840842
14627,380,1,410.25,0,Bronze,0.5201235606051635,-0.5532947556651122,-0.1712668177443153
14628,92,5,1415.08,3,Gold,-0.020059790287792888,0.32365668390976515,0.5023197659968646
14629,5,2,743.16,2,Silver,-1.0699507790131246,-0.22963807175534695,0.15181529091611537
14630,485,1,266.2,0,Bronze,0.6133625583683476,-0.5532947556651122,-0.40617640971567165
14631,51,6,1304.1100000000001,3,Gold,-0.24275071118739783,0.44670524433488773,0.4578632173167306
14632,263,1,95.84,0,Bronze,0.3795999286523362,-0.5532947556651122,-0.9590900803917549
14633,267,1,285.2,0,Bronze,0.3853602546096233,-0.5532947556651122,-0.3687538677878655
14634,438,3,1230.0,3,Gold,0.5744023917830158,0.0,0.4260153396709123
14635,454,1,186.22,0,Bronze,0.5881149775068232,-0.5532947556651122,-0.5999604040145344
14636,37,2,527.2900000000001,2,Silver,-0.36289863726587396,-0.22963807175534695,-0.034830852149797496
14637,678,1,76.2,0,Bronze,0.741460758570858,-0.5532947556651122,-1.0825694171441937
14638,51,1,388.6,2,Silver,-0.24275071118739783,-0.5532947556651122,-0.20072871142641044
14639,53,9,4052.34,1,Platinum,-0.2282941103223884,0.7314158822675506,1.0752329504563332
14640,25,10,3151.54,1,Platinum,-0.5082638284718078,0.8074958608438627,0.9383128519599224
14641,22,1,70.86,0,Bronze,-0.555227194461042,-0.5532947556651122,-1.1216187968777847
14642,59,1,19.8,0,Bronze,-0.18793529514491986,-0.5532947556651122,-1.7970142158015396
14643,171,5,652.85,3,Gold,0.21547847415739543,0.32365668390976515,0.0813331848172244
14644,68,5,764.1700000000001,3,Gold,-0.13439886011567378,0.32365668390976515,0.166982930740729
14645,157,3,563.8,3,Gold,0.18295736376746013,0.0,0.0015745302002667173
14646,3,78,15746.93,1,Platinum,-1.2252659960740826,2.3812593174988637,1.814585583496788
14647,202,2,406.29,3,Gold,0.2789550037610853,-0.22963807175534695,-0.17653798471134977
14648,417,15,3124.33,3,Gold,0.555625835830767,1.1065895113302244,0.9335904054332705
14649,5,9,2342.52,1,Platinum,-1.0699507790131246,0.7314158822675506,0.7767570762339316
14650,590,1,39.0,0,Bronze,0.6882908423896368,-0.5532947556651122,-1.440770652747202
14651,68,9,1586.07,1,Platinum,-0.13439886011567378,0.7314158822675506,0.5644226478649016
14652,78,1,94.28,0,Bronze,-0.08255575351694985,-0.5532947556651122,-0.9679373583395205
14653,2,11,2596.83,1,Platinum,-1.3354638962975345,0.8769514395748774,0.8328812304508916
14654,739,1,206.12,0,Bronze,0.7744145729656157,-0.5532947556651122,-0.5449304159055751
14655,9,7,1350.76,1,Platinum,-0.8742767467746977,0.5532947556651121,0.47699582140906077
14656,170,5,692.95,3,Gold,0.21324491414045238,0.32365668390976515,0.11375932235321716
14657,18,6,1149.63,2,Silver,-0.628411754550284,0.44670524433488773,0.3892335616981699
14658,6,2,143.55,2,Silver,-1.0109026739636562,-0.22963807175534695,-0.7408716265058978
14659,9,9,2398.33,1,Platinum,-0.8742767467746977,0.7314158822675506,0.7895786337556787
14660,87,2,180.35999999999999,0,Bronze,-0.04122840569303163,-0.22963807175534695,-0.6172844988687498
14661,27,1,11.049999999999999,0,Bronze,-0.47987643939483643,-0.5532947556651122,-2.0944011732827934
14662,29,7,1140.35,2,Silver,-0.4534484124293297,0.5532947556651121,0.3848220480037
14663,431,2,345.91,0,Bronze,0.5682452415308415,-0.22963807175534695,-0.26395281532226983
14664,20,2,526.51,2,Silver,-0.5900743396182883,-0.22963807175534695,-0.035635787739631566
14665,61,6,2175.91,3,Gold,-0.17537500734875106,0.44670524433488773,0.7365811227087515
14666,25,1,124.95,2,Silver,-0.5082638284718078,-0.5532947556651122,-0.8159093512510224
14667,11,54,13509.14,1,Platinum,-0.8044376617287146,2.0922064987765254,1.731088602670104
14668,446,1,111.63,0,Bronze,0.5813200417718559,-0.5532947556651122,-0.8768027399135213
14669,242,7,2815.9500000000003,3,Gold,0.3478494410839376,0.5532947556651121,0.8769962566336817
14670,281,3,583.33,3,Gold,0.4048654222290361,0.0,0.020093763649877264
14671,550,2,740.5500000000001,3,Gold,0.6614459231744579,-0.22963807175534695,0.14990123326954474
14672,235,4,816.8100000000001,3,Gold,0.33665289783344715,0.17812112660243817,0.20322798197241188
14673,4,7,2140.02,1,Platinum,-1.1397898640591078,0.5532947556651121,0.7275247149442461
14674,510,1,148.16,0,Bronze,0.6325769401081748,-0.5532947556651122,-0.7237688757914081
14675,17,2,857.58,2,Silver,-0.6491224446677566,-0.22963807175534695,0.22973124834918135
14676,79,7,766.6500000000001,3,Gold,-0.07773739492146804,0.5532947556651121,0.16874575495467614
14677,593,1,164.51,0,Bronze,0.6902303627742525,-0.5532947556651122,-0.6671055826988131
14678,580,1,373.69,0,Bronze,0.6817539182642978,-0.5532947556651122,-0.22198672474681316
14679,382,3,798.7,3,Gold,0.5221290859067854,0.0,0.1910286028002368
14680,72,51,14459.57,1,Platinum,-0.11281261657107146,2.0474338897023525,1.7681252768882973
14681,72,6,316.20000000000005,2,Silver,-0.11281261657107146,0.44670524433488773,-0.3127282014399863
14682,429,4,1204.53,3,Gold,0.5664677234567803,0.17812112660243817,0.41462540829398575
14683,589,1,80.92,0,Bronze,0.6876421471328317,-0.5532947556651122,-1.0502403806174545
14684,26,6,1281.27,2,Silver,-0.4938072276067984,0.44670524433488773,0.4482449848450766
14685,577,6,2483.44,3,Gold,0.6797708881706453,0.44670524433488773,0.8085683058298484
14686,415,5,779.73,3,Gold,0.553788640665832,0.32365668390976515,0.1779500096500459
14687,107,3,639.6800000000001,3,Gold,0.0372190069620216,0.0,0.07024815806623058
14688,8,27,4380.39,1,Platinum,-0.9146355619521664,1.553294755665112,1.1176300439322646
14689,209,1,82.8,0,Bronze,0.2919411442499164,-0.5532947556651122,-1.0378794928767074
14690,45,4,682.13,2,Silver,-0.28971407717663195,0.17812112660243817,0.10519830981325888
14691,31,5,1713.14,3,Gold,-0.42872664422085277,0.32365668390976515,0.6063823705803957
14692,138,12,1335.39,3,Gold,0.13388000533993724,0.9408443783721279,0.4707660342787497
14693,265,7,461.91,3,Gold,0.3824909194133723,0.5532947556651121,-0.10680271762054905
14694,618,1,216.44000000000003,0,Bronze,0.7060221479629195,-0.5532947556651122,-0.5184408839035561
14695,520,3,986.5400000000001,3,Gold,0.6400007084645194,0.0,0.3059656692201562
14696,5,8,1979.71,1,Platinum,-1.0699507790131246,0.6473133678195304,0.6851264274992993
14697,219,2,112.46,0,Bronze,0.30976084360635325,-0.22963807175534695,-0.8728028614503671
14698,2,5,1115.27,2,Silver,-1.3354638962975345,0.32365668390976515,0.3727176648966964
14699,215,4,646.9,3,Gold,0.3027321242464316,0.17812112660243817,0.07635305676540947
14700,33,5,2250.34,1,Platinum,-0.4055041125939236,0.32365668390976515,0.7548960372229295
14701,11,15,3481.77,1,Platinum,-0.8044376617287146,1.1065895113302244,0.9925831701459891
14702,2,29,5317.43,1,Platinum,-1.3354638962975345,1.608367321842428,1.2232142710946148
14703,15,1,318.17,2,Silver,-0.6942397615052628,-0.5532947556651122,-0.3093552815873247
14704,20,9,1611.09,1,Platinum,-0.5900743396182883,0.7314158822675506,0.5729439959300533
14706,619,1,251.44,0,Bronze,0.7066404765194538,-0.5532947556651122,-0.4371326869106459
14708,3,3,450.33000000000004,2,Silver,-1.2252659960740826,0.0,-0.12060400736057555
14709,16,25,7508.74,1,Platinum,-0.6710172298783336,1.49413913403724,1.411174418409258
14710,15,13,1833.79,1,Platinum,-0.6942397615052628,0.9999999999999998,0.6434372490354018
14711,11,11,1942.26,1,Platinum,-0.8044376617287146,0.8769514395748774,0.6747275266793112
14712,76,3,727.0500000000001,3,Gold,-0.09237820086701533,0.0,0.1398921351278981
14713,10,21,4215.82,1,Platinum,-0.8377677575462616,1.360790616508975,1.0967734316062532
14714,25,4,654.45,2,Silver,-0.5082638284718078,0.17812112660243817,0.08266464792305343
14715,25,7,1208.9,1,Platinum,-0.5082638284718078,0.5532947556651121,0.4165966303993819
14716,44,3,460.96,2,Silver,-0.2981331953683717,0.0,-0.10792187502260059
14717,734,1,71.35,0,Bronze,0.7718175836447527,-0.5532947556651122,-1.117916676974799
14718,411,1,109.9,0,Bronze,0.5500876026221844,-0.5532947556651122,-0.8852354479170577
14719,2,5,1324.2,2,Silver,-1.3354638962975345,0.32365668390976515,0.46618525258482746
14720,6,3,513.6800000000001,2,Silver,-1.0109026739636562,0.0,-0.04904952518155878
14721,380,1,109.07,0,Bronze,0.5201235606051635,-0.5532947556651122,-0.8893280066905646
14722,148,3,434.58,3,Gold,0.1604917074264877,0.0,-0.1399546223108104
14723,11,11,1681.21,1,Platinum,-0.8044376617287146,0.8769514395748774,0.5961388939471073
14724,591,1,271.65,0,Bronze,0.6889384409506407,-0.5532947556651122,-0.39517657252662736
14725,25,4,769.74,2,Silver,-0.5082638284718078,0.17812112660243817,0.1709342255774342
14726,655,1,56.15,0,Bronze,0.7282605722542241,-0.5532947556651122,-1.2463945464435624
14727,275,3,264.02,0,Bronze,0.39662737445314583,0.0,-0.4106392961712887
14728,414,1,160.73,0,Bronze,0.5528667281688463,-0.5532947556651122,-0.6796917308269911
14729,374,3,533.69,3,Gold,0.5140432034538499,0.0,-0.028270785763203642
14730,2,8,1582.7,1,Platinum,-1.3354638962975345,0.6473133678195304,0.5632646348784001
14731,48,3,334.15999999999997,2,Silver,-0.2655131172844102,0.0,-0.28272435914409116
14732,9,19,4853.8,1,Platinum,-0.8742767467746977,1.2847106379326625,1.1735251045331117
14733,17,14,6316.110000000001,1,Platinum,-0.6491224446677566,1.0550725661773155,1.3169613599143979
14734,426,4,893.22,3,Gold,0.5637858843277077,0.17812112660243817,0.2518883677864014
14735,4,52,8518.19,1,Platinum,-1.1397898640591078,2.0626388370465194,1.4798818197330226
14736,486,2,265.65,0,Bronze,0.6141499264926369,-0.22963807175534695,-0.4072989235496226
14737,4,4,1068.45,2,Silver,-1.1397898640591078,0.17812112660243817,0.34937494664707447
14738,43,9,1357.71,1,Platinum,-0.3067415229774418,0.7314158822675506,0.4797895824544142
14739,20,23,3021.96,1,Platinum,-0.5900743396182883,1.4302461952399896,0.9154475097750351
14740,198,11,3568.6400000000003,1,Platinum,0.2713317778885159,0.8769514395748774,1.006004709869531
14741,12,7,1376.0900000000001,1,Platinum,-0.7737769457562178,0.5532947556651121,0.48710966202518813
14742,436,1,452.65,0,Bronze,0.5726532816315767,-0.5532947556651122,-0.11781083291064155
14743,593,1,50.480000000000004,0,Bronze,0.6902303627742525,-0.5532947556651122,-1.3033160345022003
14744,60,11,1271.9,1,Platinum,-0.18160367235153863,0.8769514395748774,0.44424949672503794
14745,113,12,1731.27,1,Platinum,0.05792969707949422,0.9408443783721279,0.6121140642887805
14746,416,2,80.7,0,Bronze,0.5547083396853054,-0.22963807175534695,-1.0517053706171222
14747,250,1,224.65,0,Bronze,0.3602571479350108,-0.5532947556651122,-0.4982502933025992
14748,30,10,1984.8,1,Platinum,-0.44088812463316107,0.8074958608438627,0.6865245897524402
14749,480,1,147.0,0,Bronze,0.6094012566996857,-0.5532947556651122,-0.7280220968101648
14750,737,1,82.63,0,Bronze,0.7733778890917304,-0.5532947556651122,-1.0389857699174043
14751,685,2,106.05000000000001,0,Bronze,0.7453895566792459,-0.22963807175534695,-0.9044839589492966
14752,44,1,89.4,0,Bronze,-0.2981331953683717,-0.5532947556651122,-0.9965793242857104
14753,88,2,842.0500000000001,3,Gold,-0.036900060684146946,-0.22963807175534695,0.21978712537375056
14754,45,6,1333.2,3,Gold,-0.28971407717663195,0.44670524433488773,0.46987255373542336
14755,10,24,7966.91,1,Platinum,-0.8377677575462616,1.4628317645351008,1.4434368157925845
14756,16,3,1723.24,2,Silver,-0.6710172298783336,0.0,0.6095828633971211
14757,76,1,314.38,0,Bronze,-0.09237820086701533,-0.5532947556651122,-0.31586296821660137
14758,145,7,1747.3200000000002,3,Gold,0.15270050071333854,0.5532947556651121,0.6171383387182163
14759,5,3,1249.07,2,Silver,-1.0699507790131246,0.0,0.434390021842365
14760,298,1,89.2,0,Bronze,0.4272880904256429,-0.5532947556651122,-0.9977859165402272
14761,59,3,371.27000000000004,2,Silver,-0.18793529514491986,0.0,-0.2255166673642813
14762,264,2,292.42,0,Bronze,0.3810481513891017,-0.22963807175534695,-0.35518122545933023
14764,47,1,19.8,0,Bronze,-0.2734114271598946,-0.5532947556651122,-1.7970142158015396
14765,30,3,222.61,2,Silver,-0.44088812463316107,0.0,-0.5031977671304256
14766,9,11,4845.5,1,Platinum,-0.8742767467746977,0.8769514395748774,1.1725929318554258
14767,475,1,297.61,0,Bronze,0.6053985613697327,-0.5532947556651122,-0.34562947704292124
14768,18,2,192.60000000000002,2,Silver,-0.628411754550284,-0.22963807175534695,-0.5817050746662031
14769,3,17,12060.33,1,Platinum,-1.2252659960740826,1.2006081234846424,1.669291346030567
14770,233,8,2898.27,3,Gold,0.33339284021892834,0.6473133678195304,0.8926881214601818
14771,622,2,480.5,3,Gold,0.7084894959950994,-0.22963807175534695,-0.0853529288364466
14772,113,1,126.50999999999999,0,Bronze,0.05792969707949422,-0.5532947556651122,-0.8092032708228405
14773,593,1,127.8,0,Bronze,0.6902303627742525,-0.5532947556651122,-0.803719542475193
14774,529,1,162.85000000000002,0,Bronze,0.6465612686735117,-0.5532947556651122,-0.6725970577816236
14775,59,3,507.9,2,Silver,-0.18793529514491986,0.0,-0.055202126425851025
14776,52,13,981.66,1,Platinum,-0.23545421519469298,0.9999999999999998,0.30326694503361057
14777,404,1,160.20000000000002,0,Bronze,0.5435234733223643,-0.5532947556651122,-0.6814799303424086
14778,128,2,661.0600000000001,3,Gold,0.1052805739339436,-0.22963807175534695,0.0881310212555306
14779,281,3,204.0,0,Bronze,0.4048654222290361,0.0,-0.55053526735402
14780,55,2,338.72,2,Silver,-0.2143633221104263,-0.22963807175534695,-0.27536240683596513
14782,320,1,110.10000000000001,0,Bronze,0.45448401833177093,-0.5532947556651122,-0.8842538689484131
14783,660,1,257.14,0,Bronze,0.7311691242511416,-0.5532947556651122,-0.4249686646689346
14784,27,3,336.78,2,Silver,-0.47987643939483643,0.0,-0.27848231437309307
14785,16,1,9.48,0,Bronze,-0.6710172298783336,-0.5532947556651122,-2.1704497386089794
14786,551,1,51.599999999999994,0,Bronze,0.6621404917375558,-0.5532947556651122,-1.2915909600430258
14787,472,1,110.65,0,Bronze,0.6029767126852164,-0.5532947556651122,-0.881563610739438
14788,8,3,807.1700000000001,2,Silver,-0.9146355619521664,0.0,0.19676824211083377
14789,29,1,139.2,2,Silver,-0.4534484124293297,-0.5532947556651122,-0.7575175317365034
14790,17,10,1842.27,1,Platinum,-0.6491224446677566,0.8074958608438627,0.6459492853772595
14791,607,1,303.63,0,Bronze,0.699153831871766,-0.5532947556651122,-0.3347559889424946
14792,64,1,6.2,0,Bronze,-0.1572745791724231,-0.5532947556651122,-2.374951990239308
14793,22,2,594.4,2,Silver,-0.555227194461042,-0.22963807175534695,0.03031788158331333
14794,3,9,1384.26,1,Platinum,-1.2252659960740826,0.7314158822675506,0.49033216052852646
14795,167,1,131.45000000000002,0,Bronze,0.20646501223494154,-0.5532947556651122,-0.7884960978692274
14796,2,27,8162.9400000000005,1,Platinum,-1.3354638962975345,1.553294755665112,1.4566774213730287
14797,508,1,274.81,0,Bronze,0.6310747638395278,-0.5532947556651122,-0.38889895235859734
14798,53,8,628.55,3,Gold,-0.2282941103223884,0.6473133678195304,0.0607010460212507
14799,52,2,228.62,2,Silver,-0.23545421519469298,-0.22963807175534695,-0.48874904675945763
14800,48,17,4657.63,1,Platinum,-0.2655131172844102,1.2006081234846424,1.1510549977640505
14801,62,1,182.38,0,Bronze,-0.16924600527292027,-0.5532947556651122,-0.6112502874575617
14803,163,3,249.45000000000002,0,Bronze,0.19723433768540444,0.0,-0.44144420735166623
14804,9,1,289.52,2,Silver,-0.8742767467746977,-0.5532947556651122,-0.3605922742354853
14805,16,7,881.15,2,Silver,-0.6710172298783336,0.5532947556651121,0.24448501185121668
14806,76,2,141.6,0,Bronze,-0.09237820086701533,-0.22963807175534695,-0.7482707550571801
14807,391,2,407.34000000000003,0,Bronze,0.5310262345688197,-0.22963807175534695,-0.17513535041585282
14808,40,7,1246.33,3,Gold,-0.33379189688341554,0.5532947556651121,0.433194628767399
14809,622,2,401.1,0,Bronze,0.7084894959950994,-0.22963807175534695,-0.18352454774596913
14810,41,13,2280.98,1,Platinum,-0.3245612223338783,0.9999999999999998,0.7622602631510697
14811,388,1,157.75,0,Bronze,0.5280834201646555,-0.5532947556651122,-0.68982328230269
14812,599,1,168.1,0,Bronze,0.694080188723285,-0.5532947556651122,-0.655415426793138
14813,370,4,767.16,3,Gold,0.5099353414845531,0.17812112660243817,0.16910756515531458
14814,582,1,128.66,0,Bronze,0.6830702579019478,-0.5532947556651122,-0.8000941517451996
14815,37,2,604.02,2,Silver,-0.36289863726587396,-0.22963807175534695,0.039049590565768524
14816,198,1,11.9,0,Bronze,0.2713317778885159,-0.5532947556651122,-2.0572677844030065
14817,201,7,2863.83,3,Gold,0.27706337296579,0.5532947556651121,0.8861780626764392
14818,74,6,710.61,3,Gold,-0.10245916312994499,0.44670524433488773,0.1274496004580551
14819,65,4,296.26,2,Silver,-0.1514263059164838,0.17812112660243817,-0.3480979654770559
14820,22,9,1016.3900000000001,1,Platinum,-0.555227194461042,0.7314158822675506,0.32218845072413427
14821,367,6,872.85,3,Gold,0.506825274676598,0.44670524433488773,0.23933503922109517
14822,486,1,107.30000000000001,0,Bronze,0.6141499264926369,-0.5532947556651122,-0.8981595765649691
14823,181,3,275.03000000000003,0,Bronze,0.2371257282074383,0.0,-0.38846458454910004
14824,11,10,2984.31,1,Platinum,-0.8044376617287146,0.8074958608438627,0.9086198899578148
14825,4,24,3848.4100000000003,1,Platinum,-1.1397898640591078,1.4628317645351008,1.0471108725069271
14826,582,2,333.6,0,Bronze,0.6830702579019478,-0.22963807175534695,-0.2836353563132615
14827,666,1,0.0,0,Bronze,0.7346304832636996,-0.5532947556651122,-3.4503843110276082
14828,197,6,933.1999999999999,3,Gold,0.2694020284288844,0.44670524433488773,0.27571617959154887
14829,30,7,1312.8500000000001,1,Platinum,-0.44088812463316107,0.5532947556651121,0.46149928773457133
14830,54,1,178.38,0,Bronze,-0.22126539096246675,-0.5532947556651122,-0.6232648041794903
14831,681,3,1107.72,3,Gold,0.7431494657478899,0.0,0.36902050136152026
14833,499,1,94.8,0,Bronze,0.6242411036773017,-0.5532947556651122,-0.964972272375161
14834,18,7,1676.56,1,Platinum,-0.628411754550284,0.5532947556651121,0.5946309271187431
14836,11,3,102.45,2,Silver,-0.8044376617287146,0.0,-0.9231194505191981
14837,90,9,2614.92,1,Platinum,-0.028387389076971702,0.7314158822675506,0.8366616344392768
14838,424,2,723.1700000000001,3,Gold,0.5619875032892562,-0.22963807175534695,0.13698109326264696
14839,419,3,576.78,3,Gold,0.5574542615343264,0.0,0.013952655206244141
14840,268,2,342.81,0,Bronze,0.3867869022832951,-0.22963807175534695,-0.268842835874391
14841,54,14,4801.97,1,Platinum,-0.22126539096246675,1.0550725661773155,1.1676777877097724
14842,44,4,2318.32,3,Gold,-0.2981331953683717,0.17812112660243817,0.7711022813307584
14843,437,1,121.8,0,Bronze,0.5735288350587067,-0.5532947556651122,-0.8297074353080013
14844,64,10,3831.9700000000003,1,Platinum,-0.1572745791724231,0.8074958608438627,1.0447792684795094
14846,428,1,133.5,0,Bronze,0.5655758616857911,-0.5532947556651122,-0.7801288896021158
14847,149,3,1012.85,3,Gold,0.163053954154465,0.0,0.3202896011244528
14848,405,1,75.12,0,Bronze,0.5444681210454952,-0.5532947556651122,-1.0902444498367618
14849,22,41,9124.26,1,Platinum,-0.555227194461042,1.8769514395748776,1.5173216315311147
14850,312,6,1096.96,3,Gold,0.44481651575268666,0.44670524433488773,0.3637076892118962
14851,24,3,552.8100000000001,2,Silver,-0.523287497475313,0.0,-0.009130331843742033
14852,59,18,3776.98,1,Platinum,-0.18793529514491986,1.2437665043036517,1.0369069888178826
14853,25,4,360.46000000000004,2,Silver,-0.5082638284718078,0.17812112660243817,-0.24157013840581165
14854,79,11,2489.8,1,Platinum,-0.07773739492146804,0.8769514395748774,0.8099611143751475
14855,120,7,3245.75,3,Gold,0.08075671555037933,0.5532947556651121,0.9543543416527873
14856,37,3,909.13,2,Silver,-0.36289863726587396,0.0,0.2614958316007147
14857,60,7,3126.731,1,Platinum,-0.18160367235153863,0.5532947556651121,0.9340087629938228
14858,506,1,180.75,0,Bronze,0.6295666734758351,-0.5532947556651122,-0.6161142595914958
14859,13,5,1287.88,2,Silver,-0.7453895566792464,0.32365668390976515,0.45104604933715714
14860,20,1,88.72,2,Silver,-0.5900743396182883,-0.5532947556651122,-1.000692688293125
14861,53,10,1110.55,1,Platinum,-0.2282941103223884,0.8074958608438627,0.37040926707463123
14862,26,2,603.3,2,Silver,-0.4938072276067984,-0.22963807175534695,0.03840089725696773
14863,30,1,266.76,2,Silver,-0.44088812463316107,-0.5532947556651122,-0.4050358580020713
14865,8,1,15.0,0,Bronze,-0.9146355619521664,-0.5532947556651122,-1.939944017622675
14866,11,9,889.37,1,Platinum,-0.8044376617287146,0.7314158822675506,0.24953780934136258
14867,186,16,1989.94,1,Platinum,0.24750724321830736,1.1549822427096075,0.6879328543740184
14868,4,12,3570.56,1,Platinum,-1.1397898640591078,0.9408443783721279,1.006297649513068
14869,9,6,2238.17,1,Platinum,-0.8742767467746977,0.44670524433488773,0.7519431689093234
14870,262,6,1488.65,3,Gold,0.37814620980093494,0.44670524433488773,0.5299119725057512
14871,4,9,1162.27,1,Platinum,-1.1397898640591078,0.7314158822675506,0.3951854519376392
14872,484,3,591.48,3,Gold,0.6125735684754067,0.0,0.02763958133363773
14873,211,2,659.38,3,Gold,0.29557201937412686,-0.22963807175534695,0.08674687607675824
14874,536,1,58.2,0,Bronze,0.6515873599061478,-0.5532947556651122,-1.2271954616856373
14875,108,3,1211.98,3,Gold,0.04074948778409843,0.0,0.4179816858201086
14876,522,2,190.72000000000003,0,Bronze,0.6414683518598984,-0.22963807175534695,-0.58702110988816
14877,419,2,396.0,0,Bronze,0.5574542615343264,-0.22963807175534695,-0.19047836139361082
14878,13,23,3104.83,1,Platinum,-0.7453895566792464,1.4302461952399896,0.9301807127939948
14879,685,1,171.62,0,Bronze,0.7453895566792459,-0.5532947556651122,-0.6441917349824647
14880,78,3,603.13,3,Gold,-0.08255575351694985,0.0,0.03824762077219435
14881,20,1,164.08,2,Silver,-0.5900743396182883,-0.5532947556651122,-0.6685227694836403
14882,27,11,1169.75,1,Platinum,-0.47987643939483643,0.8769514395748774,0.398677229881848
14883,19,6,554.95,2,Silver,-0.6087636294902878,0.44670524433488773,-0.007029296537548345
14884,670,1,120.6,0,Bronze,0.7369208007451024,-0.5532947556651122,-0.8350571625559934
14885,428,1,240.0,0,Bronze,0.5655758616857911,-0.5532947556651122,-0.4623975883536206
14886,253,1,290.2,0,Bronze,0.3648083435442054,-0.5532947556651122,-0.3593186444091886
14888,208,1,369.2,0,Bronze,0.290112718546357,-0.5532947556651122,-0.22855433788255947
14889,337,1,122.7,0,Bronze,0.4742514564148769,-0.5532947556651122,-0.8257293359905566
14890,254,3,666.95,3,Gold,0.3663134710508291,0.0,0.09295617697345714
14891,149,4,930.45,3,Gold,0.163053954154465,0.17812112660243817,0.2741101596193132
14892,691,1,182.45000000000002,0,Bronze,0.7487253204964118,-0.5532947556651122,-0.6110423746201282
14893,10,3,1586.3,2,Silver,-0.8377677575462616,0.0,0.5645015917319798
14894,86,3,1018.21,3,Gold,-0.045606218572792845,0.0,0.3231621253896798
14895,8,36,15672.980000000001,1,Platinum,-0.9146355619521664,1.775773715754242,1.8120213680875192
14896,205,8,1693.55,3,Gold,0.28457448533777435,0.6473133678195304,0.6001205615750175
14897,8,8,2434.53,1,Platinum,-0.9146355619521664,0.6473133678195304,0.7977365809354435
14898,24,14,2472.86,1,Platinum,-0.523287497475313,1.0550725661773155,0.8062434199882215
14899,396,1,1059.22,3,Gold,0.5358812356518636,-0.5532947556651122,0.344652791921869
14901,12,12,1466.67,1,Platinum,-0.7737769457562178,0.9408443783721279,0.5218138289598724
14902,26,3,719.8000000000001,2,Silver,-0.4938072276067984,0.0,0.1344400037507725
14903,22,5,2370.38,1,Platinum,-0.555227194461042,0.32365668390976515,0.7831952365456911
14904,3,4,795.09,2,Silver,-1.2252659960740826,0.17812112660243817,0.18856381060905397
14905,158,8,1094.5900000000001,3,Gold,0.185374119150675,0.6473133678195304,0.3625304923852879
14907,4,16,4182.67,1,Platinum,-1.1397898640591078,1.1549822427096075,1.0924738195317631
14908,75,2,169.8,0,Bronze,-0.09738551998146396,-0.22963807175534695,-0.6499660167979436
14909,438,3,1022.65,3,Gold,0.5744023917830158,0.0,0.32553018785973376
14910,3,4,365.29,2,Silver,-1.2252659960740826,0.17812112660243817,-0.2343387881184296
14911,2,366,158904.39,1,Platinum,-1.3354638962975345,3.607280547542293,3.0738902374209047
14912,17,4,674.78,2,Silver,-0.6491224446677566,0.17812112660243817,0.09930513959398167
14913,36,8,2901.55,1,Platinum,-0.37311402818699907,0.6473133678195304,0.8933040888847027
14915,92,11,1646.0500000000002,1,Platinum,-0.020059790287792888,0.8769514395748774,0.584631806693174
14916,71,7,1532.0,3,Gold,-0.11809621009893657,0.5532947556651121,0.5455390988797284
14917,597,2,391.63,0,Bronze,0.6928012077100526,-0.22963807175534695,-0.1965082645454228
14918,116,8,2840.4,3,Gold,0.06787972293451836,0.6473133678195304,0.8817042936080702
14919,540,1,343.75,0,Bronze,0.6544300776473221,-0.5532947556651122,-0.2673554130571335
14920,213,3,1344.64,3,Gold,0.2991688012708128,0.0,0.47452378467459605
14921,31,2,1063.95,2,Silver,-0.42872664422085277,-0.22963807175534695,0.3470778172961757
14922,394,2,716.24,3,Gold,0.533946613066845,-0.22963807175534695,0.1317427113757517
14923,51,1,572.1,2,Silver,-0.24275071118739783,-0.5532947556651122,0.009522016778762932
14924,246,3,478.21000000000004,3,Gold,0.35410353033640096,0.0,-0.08795004933160551
14926,599,1,81.0,0,Bronze,0.694080188723285,-0.5532947556651122,-1.049708632229493
14927,397,1,295.0,0,Bronze,0.5368448951729259,-0.5532947556651122,-0.3504120234589314
14928,628,1,171.41000000000003,0,Bronze,0.71216097257757,-0.5532947556651122,-0.644854883183905
14929,33,2,524.9300000000001,2,Silver,-0.4055041125939236,-0.22963807175534695,-0.03726995202078138
14930,109,6,3887.4900000000002,3,Gold,0.04424772632194325,0.44670524433488773,1.0526136663244752
14931,5,4,760.5600000000001,2,Silver,-1.0699507790131246,0.17812112660243817,0.16440664590221532
14932,366,2,387.03000000000003,0,Bronze,0.5057829489787685,-0.22963807175534695,-0.20292847163384806
14934,82,5,2499.83,3,Gold,-0.06363563841494821,0.32365668390976515,0.8121504242564535
14936,34,12,8094.54,1,Platinum,-0.3944003073798616,0.9408443783721279,1.4520938909598582
14937,57,2,1077.32,2,Silver,-0.200921435633751,-0.22963807175534695,0.3538746763116989
14938,563,2,1218.71,3,Gold,0.6703785395134462,-0.22963807175534695,0.4209959235949658
14940,418,2,484.39,3,Gold,0.5565411396297061,-0.22963807175534695,-0.08096940894283697
14941,579,1,100.5,0,Bronze,0.6810940482344539,-0.5532947556651122,-0.933486326428704
14942,402,3,225.92000000000002,0,Bronze,0.5416271602535235,0.0,-0.4951927880991337
14943,664,1,107.62,0,Bronze,0.7334801687127572,-0.5532947556651122,-0.8965522696856876
14944,30,17,4871.34,1,Platinum,-0.44088812463316107,1.2006081234846424,1.1754897898481207
14945,414,1,112.2,0,Bronze,0.5528667281688463,-0.5532947556651122,-0.874052679406607
14946,15,1,100.9,2,Silver,-0.6942397615052628,-0.5532947556651122,-0.9313436444916235
14947,73,6,594.9200000000001,3,Gold,-0.10760091090258887,0.44670524433488773,0.03079346099388617
14948,24,6,837.19,2,Silver,-0.523287497475313,0.44670524433488773,0.21663752197315733
14949,470,4,497.1,3,Gold,0.6013535981482184,0.17812112660243817,-0.06688794240665952
14950,20,1,297.58,2,Silver,-0.5900743396182883,-0.5532947556651122,-0.3456842109983464
14951,80,1,191.84,0,Bronze,-0.07297889326143023,-0.5532947556651122,-0.5838478674969523
14952,60,26,5650.49,1,Platinum,-0.18160367235153863,1.5242648073944076,1.2563045647415265
14953,26,4,821.8,2,Silver,-0.4938072276067984,0.17812112660243817,0.20654192193631135
14954,13,2,367.78000000000003,2,Silver,-0.7453895566792464,-0.22963807175534695,-0.23064798893681235
14955,733,1,153.82,0,Bronze,0.7712960662631781,-0.5532947556651122,-0.7034794515712746
14957,254,2,168.59,0,Bronze,0.3663134710508291,-0.22963807175534695,-0.6538391150357903
14958,148,6,564.44,3,Gold,0.1604917074264877,0.44670524433488773,0.002191490832700996
14959,65,4,611.34,3,Gold,-0.1514263059164838,0.17812112660243817,0.0456011606865574
14960,9,2,188.12,2,Silver,-0.8742767467746977,-0.22963807175534695,-0.5944596146392271
14961,11,21,11052.62,1,Platinum,-0.8044376617287146,1.360790616508975,1.6217615359166433
14962,271,4,233.45000000000002,0,Bronze,0.3910352392593064,0.17812112660243817,-0.47740867152713584
14963,10,12,2412.08,1,Platinum,-0.8377677575462616,0.9408443783721279,0.7926917071893971
14964,248,1,81.75,0,Bronze,0.35719269593041963,-0.5532947556651122,-1.0447485720453564
14965,97,2,470.34000000000003,3,Gold,0.0,-0.22963807175534695,-0.09697111399385366
14966,15,6,728.0400000000001,2,Silver,-0.6942397615052628,0.44670524433488773,0.1406324167870988
14967,50,5,352.91,2,Silver,-0.2501888955329656,0.32365668390976515,-0.2530696781793798
14968,31,2,416.66,2,Silver,-0.42872664422085277,-0.22963807175534695,-0.16284109016185055
14969,704,1,269.95,0,Bronze,0.755854671528421,-0.5532947556651122,-0.39858394017022925
14970,69,11,3976.65,1,Platinum,-0.1288871900954514,0.8769514395748774,1.0649638976922609
14971,36,3,870.35,2,Silver,-0.37311402818699907,0.0,0.23777425377286157
14972,129,2,99.67,0,Bronze,0.10823853811198687,-0.22963807175534695,-0.9379594606224738
14973,108,3,348.52,3,Gold,0.04074948778409843,0.0,-0.25986949758127176
14974,38,1,79.99000000000001,0,Bronze,-0.3529486114108498,-0.5532947556651122,-1.0564603468730396
14975,58,2,158.35,0,Bronze,-0.19437333673537285,-0.22963807175534695,-0.6877681669567973
14976,58,6,674.46,3,Gold,-0.19437333673537285,0.44670524433488773,0.09904711232876269
14977,726,1,31.93,0,Bronze,0.7676254273564499,-0.5532947556651122,-1.546727090798255
14978,73,10,2749.73,1,Platinum,-0.10760091090258887,0.8074958608438627,0.8640368983935083
14979,736,1,399.06,0,Bronze,0.7728584931374443,-0.5532947556651122,-0.1862954308703496
14980,738,1,131.63,0,Bronze,0.7738965817337441,-0.5532947556651122,-0.7877562478050196
14981,247,2,359.0,0,Bronze,0.3556512272200689,-0.22963807175534695,-0.24377504043466192
14982,573,1,207.93,0,Bronze,0.6771107770802407,-0.5532947556651122,-0.5401903553023317
14983,690,1,170.45000000000002,0,Bronze,0.7481713732449965,-0.5532947556651122,-0.6478967402872928
14984,20,5,421.37,2,Silver,-0.5900743396182883,0.32365668390976515,-0.15673196858756355
14985,199,2,253.26,0,Bronze,0.2732518543779168,-0.22963807175534695,-0.43321914078101004
14986,377,2,503.4,3,Gold,0.5170954463568579,-0.22963807175534695,-0.06004079005397851
14987,382,3,20.65,0,Bronze,0.5221290859067854,0.0,-1.775194585417348
14988,212,7,1765.27,3,Gold,0.2973746319129746,0.5532947556651121,0.6227030375650434
14989,662,1,237.5,0,Bronze,0.7323263893537192,-0.5532947556651122,-0.46807830906866216
14990,613,2,199.52,0,Bronze,0.7029154443351987,-0.22963807175534695,-0.5625726346099784
14991,431,1,173.9,0,Bronze,0.5682452415308415,-0.5532947556651122,-0.637043326184433
14992,443,1,210.5,0,Bronze,0.578740540727189,-0.5532947556651122,-0.5335300683483659
14993,564,1,36.13,0,Bronze,0.6710571126893016,-0.5532947556651122,-1.4813315197563037
14994,383,5,853.52,3,Gold,0.5231279246933352,0.32365668390976515,0.22714903431296413
14995,39,2,211.38,2,Silver,-0.3432505122058779,-0.22963807175534695,-0.5312680898292775
14996,482,2,315.45,0,Bronze,0.6109906965635722,-0.22963807175534695,-0.3140178166091235
14997,47,2,77.12,0,Bronze,-0.2734114271598946,-0.22963807175534695,-1.0761156449657658
14998,171,4,559.52,3,Gold,0.21547847415739543,0.17812112660243817,-0.002569452478887889
14999,593,1,106.65,0,Bronze,0.6902303627742525,-0.5532947556651122,-0.90143909114261
15000,48,1,459.92,2,Silver,-0.2655131172844102,-0.5532947556651122,-0.10914969980427046
15001,395,2,126.61,0,Bronze,0.5349151457132943,-0.22963807175534695,-0.8087761963417227
15002,116,9,3382.41,1,Platinum,0.06787972293451836,0.7314158822675506,0.9768152351129579
15003,474,6,837.97,3,Gold,0.6045929786173058,0.44670524433488773,0.21714424220402695
15004,148,1,849.02,3,Gold,0.1604917074264877,-0.5532947556651122,0.22427260019428227
15005,16,56,12362.84,1,Platinum,-0.6710172298783336,2.120717943878529,1.6827863325079386
15006,52,2,641.53,2,Silver,-0.23545421519469298,-0.22963807175534695,0.07181896351764488
15007,160,1,146.96,0,Bronze,0.19016236221820432,-0.5532947556651122,-0.728169353516079
15009,13,3,1167.78,2,Silver,-0.7453895566792464,0.0,0.39775977267576546
15010,36,1,266.19,2,Silver,-0.37311402818699907,-0.5532947556651122,-0.40619679842729695
15011,396,2,248.9,0,Bronze,0.5358812356518636,-0.22963807175534695,-0.4426418770620614
15012,54,3,545.1,2,Silver,-0.22126539096246675,0.0,-0.016767853358597963
15013,488,10,1375.42,3,Gold,0.6157198240080672,0.8074958608438627,0.4868445458295348
15014,44,2,175.17,2,Silver,-0.2981331953683717,-0.22963807175534695,-0.6331018400597045
15015,502,13,1818.26,3,Gold,0.6265325628990522,0.9999999999999998,0.6388065378958953
15016,173,5,562.61,3,Gold,0.21990689871161714,0.32365668390976515,0.0004255083114460759
15017,34,1,115.63,0,Bronze,-0.3944003073798616,-0.5532947556651122,-0.85779091161995
15018,39,3,304.66,2,Silver,-0.3432505122058779,0.0,-0.33291712545665547
15019,267,1,242.86,0,Bronze,0.3853602546096233,-0.5532947556651122,-0.4559706694658673
15020,380,1,198.47,0,Bronze,0.5201235606051635,-0.5532947556651122,-0.5654327876295153
15021,9,12,2272.09,1,Platinum,-0.8742767467746977,0.9408443783721279,0.7601338122332052
15022,12,4,839.89,2,Silver,-0.7737769457562178,0.17812112660243817,0.21838954921946205
15023,4,20,8773.37,1,Platinum,-1.1397898640591078,1.3236566839097652,1.4959601837535814
15024,10,14,3022.9900000000002,1,Platinum,-0.8377677575462616,1.0550725661773155,0.9156330973757418
15025,34,2,790.48,2,Silver,-0.3944003073798616,-0.22963807175534695,0.18539994980333382
15026,81,5,1019.19,3,Gold,-0.06827877959900555,0.32365668390976515,0.3236856918285371
15027,31,9,1030.47,1,Platinum,-0.42872664422085277,0.7314158822675506,0.3296760968970434
15028,9,6,819.31,2,Silver,-0.8742767467746977,0.44670524433488773,0.20489079239887822
15029,620,1,208.20000000000002,0,Bronze,0.7072578085750622,-0.5532947556651122,-0.5394867961743014
15030,72,5,628.33,3,Gold,-0.11281261657107146,0.32365668390976515,0.06051063746623822
15031,5,14,2453.21,1,Platinum,-1.0699507790131246,1.0550725661773155,0.8018989570751182
15032,257,5,517.4,3,Gold,0.3707936912183536,0.32365668390976515,-0.045126157873068194
15033,5,10,2299.4,1,Platinum,-1.0699507790131246,0.8074958608438627,0.7666400096096977
15034,16,14,5937.9400000000005,1,Platinum,-0.6710172298783336,1.0550725661773155,1.2833316950110465
15035,90,1,227.29000000000002,0,Bronze,-0.028387389076971702,-0.5532947556651122,-0.49191366145302506
15036,73,3,352.51,2,Silver,-0.10760091090258887,0.0,-0.2536857492412913
15037,377,2,232.78,0,Bronze,0.5170954463568579,-0.22963807175534695,-0.47896773561897127
15038,59,9,888.33,3,Gold,-0.18793529514491986,0.7314158822675506,0.24890110956958805
15039,10,92,27055.170000000002,1,Platinum,-0.8377677575462616,2.5114927653171595,2.1094218011517283
15040,542,1,7.49,0,Bronze,0.6558435643345881,-0.5532947556651122,-2.2851685315307435
15041,171,2,277.45,0,Bronze,0.21547847415739543,-0.22963807175534695,-0.3837092580194011
15042,200,1,123.18,0,Bronze,0.2751623543861715,-0.5532947556651122,-0.8236195014468658
15043,474,4,319.72,3,Gold,0.6045929786173058,0.17812112660243817,-0.306716063187765
15044,20,32,13412.5,1,Platinum,-0.5900743396182883,1.6844473004187401,1.727177735034277
15045,152,2,372.86,0,Bronze,0.1706394388124024,-0.22963807175534695,-0.2231948321942339
15046,10,25,2882.46,1,Platinum,-0.8377677575462616,1.49413913403724,0.889709274836141
15047,270,1,329.7,0,Bronze,0.38962435568416953,-0.5532947556651122,-0.2900224040802694
15048,66,4,334.09,2,Silver,-0.14566597995919667,0.17812112660243817,-0.28283815051373984
15049,274,1,40.050000000000004,0,Bronze,0.39523697562132815,-0.5532947556651122,-1.4266547491545867
15050,26,4,1503.32,2,Silver,-0.4938072276067984,0.17812112660243817,0.5352506569429877
15051,24,9,2482.62,1,Platinum,-0.523287497475313,0.7314158822675506,0.8083884704527269
15052,320,1,127.83,0,Bronze,0.45448401833177093,-0.5532947556651122,-0.8035926683884772
15053,5,3,453.35,2,Silver,-1.0699507790131246,0.0,-0.11697086947078074
15054,13,2,302.1,2,Silver,-0.7453895566792464,-0.22963807175534695,-0.33749901402499716
15055,475,3,463.12,3,Gold,0.6053985613697327,0.0,-0.10538058553766508
15056,521,1,73.7,0,Bronze,0.6407352330569853,-0.5532947556651122,-1.100503103005091
15057,276,5,1491.24,3,Gold,0.3980127447067781,0.32365668390976515,0.5308583324731392
15058,26,16,2594.64,1,Platinum,-0.4938072276067984,1.1549822427096075,0.8324217842981719
15059,41,19,3058.83,1,Platinum,-0.3245612223338783,1.2847106379326625,0.9220517633350055
15060,9,3,265.87,2,Silver,-0.8742767467746977,0.0,-0.40684964042456656
15061,4,50,7508.34,1,Platinum,-1.1397898640591078,2.031933682284485,1.4111454005903052
15062,72,8,2174.75,1,Platinum,-0.11281261657107146,0.6473133678195304,0.7362907529651885
15063,214,1,30.6,0,Bronze,0.3009546061723703,-0.5532947556651122,-1.569186565193833
15064,411,4,926.2700000000001,3,Gold,0.5500876026221844,0.17812112660243817,0.27165990538831064
15065,38,5,2176.53,3,Gold,-0.3529486114108498,0.32365668390976515,0.7367362568862874
15066,54,1,782.29,2,Silver,-0.22126539096246675,-0.5532947556651122,0.17973339895045828
15067,79,5,2143.2400000000002,3,Gold,-0.07773739492146804,0.32365668390976515,0.7283434188877345
15068,47,4,923.29,2,Silver,-0.2734114271598946,0.17812112660243817,0.2699063198509398
15069,180,1,930.33,3,Gold,0.23501522998922034,-0.5532947556651122,0.2740399708243762
15070,592,2,496.1,3,Gold,0.6895849465177739,-0.22963807175534695,-0.06798275021124506
15071,94,4,1046.66,3,Gold,-0.011909387966489077,0.17812112660243817,0.33816051550717263
15072,480,1,181.22,0,Bronze,0.6094012566996857,-0.5532947556651122,-0.6147073032653243
15073,10,8,2284.52,1,Platinum,-0.8377677575462616,0.6473133678195304,0.7631047111265923
15074,106,3,882.57,3,Gold,0.03365568398640279,0.0,0.2453612349700278
15075,78,1,437.16,2,Silver,-0.08255575351694985,-0.5532947556651122,-0.13673735715191332
15076,173,2,940.12,3,Gold,0.21990689871161714,-0.22963807175534695,0.2797366862547138
15077,495,2,952.8000000000001,3,Gold,0.6211643445044789,-0.22963807175534695,0.28702761681774214
15078,8,52,15663.59,1,Platinum,-0.9146355619521664,2.0626388370465194,1.8116949046601647
15079,213,9,2176.7000000000003,3,Gold,0.2991688012708128,0.7314158822675506,0.736778785960841
15080,428,2,546.25,3,Gold,0.5655758616857911,-0.22963807175534695,-0.01562184734354781
15081,23,12,1438.97,1,Platinum,-0.5389245444443046,0.9408443783721279,0.5114337566458245
15082,669,1,93.35000000000001,0,Bronze,0.7363495039090082,-0.5532947556651122,-0.9732808789805527
15083,257,1,27.9,0,Bronze,0.3707936912183536,-0.5532947556651122,-1.6178435359955854
15084,380,2,238.05,0,Bronze,0.5201235606051635,-0.22963807175534695,-0.4668234581353711
15085,730,1,155.84,0,Bronze,0.7697272403531444,-0.5532947556651122,-0.6964175039749848
15086,565,2,218.53,0,Bronze,0.6717344859119654,-0.22963807175534695,-0.5132295838187948
15087,282,1,193.66,0,Bronze,0.40622136862755537,-0.5532947556651122,-0.5787304484582017
15088,22,2,979.6400000000001,2,Silver,-0.555227194461042,-0.22963807175534695,0.3021459260631624
15089,11,6,1915.5900000000001,1,Platinum,-0.8044376617287146,0.44670524433488773,0.66719904139997
15090,309,1,337.52,0,Bronze,0.4411273592350438,-0.5532947556651122,-0.2772901377229609
15091,68,3,883.35,3,Gold,-0.13439886011567378,0.0,0.2458419416175433
15092,216,3,685.66,3,Gold,0.3045014320460852,0.0,0.10800613316320626
15093,19,20,5699.08,1,Platinum,-0.6087636294902878,1.3236566839097652,1.2609683841545172
15094,464,2,83.0,0,Bronze,0.5964425762960016,-0.22963807175534695,-1.036580860127754
15095,104,10,1557.19,3,Gold,0.02642802696550642,0.8074958608438627,0.554418019781546
15096,43,1,130.09,0,Bronze,-0.3067415229774418,-0.5532947556651122,-0.794118790303653
15097,5,3,532.29,2,Silver,-1.0699507790131246,0.0,-0.029699065485992347
15099,85,1,238.70000000000002,0,Bronze,-0.05003464312701457,-0.5532947556651122,-0.4653441694263612
15100,388,2,236.7,0,Bronze,0.5280834201646555,-0.22963807175534695,-0.4699087221479376
15101,9,6,964.12,2,Silver,-0.8742767467746977,0.44670524433488773,0.2934551259344741
15102,531,2,412.05,0,Bronze,0.6480040366977823,-0.22963807175534695,-0.16888759007715143
15103,32,2,489.76,2,Silver,-0.4169394232008936,-0.22963807175534695,-0.07497549899157133
15104,197,2,627.59,3,Gold,0.2694020284288844,-0.22963807175534695,0.05986968347892324
15105,19,9,2197.33,1,Platinum,-0.6087636294902878,0.7314158822675506,0.7419153210661513
15106,18,5,1101.77,2,Silver,-0.628411754550284,0.32365668390976515,0.36608906048357476
15107,331,8,500.55,3,Gold,0.46739059615387146,0.6473133678195304,-0.06312765573864418
15108,142,3,936.95,3,Gold,0.14474752734042295,0.0,0.2778986045126159
15109,246,3,836.5,3,Gold,0.35410353033640096,0.0,0.216188876238454
15110,24,6,1056.75,2,Silver,-0.523287497475313,0.44670524433488773,0.34338214335257516
15111,30,5,2174.19,1,Platinum,-0.44088812463316107,0.32365668390976515,0.7361505190559162
15112,612,1,150.0,0,Bronze,0.7022910685529531,-0.5532947556651122,-0.7170897664651503
15113,10,2,860.62,2,Silver,-0.8377677575462616,-0.22963807175534695,0.23165674690974605
15114,31,12,2135.6,1,Platinum,-0.42872664422085277,0.9408443783721279,0.7263988965809961
15115,19,2,498.55,2,Silver,-0.6087636294902878,-0.22963807175534695,-0.06530436897403794
15116,18,4,600.26,2,Silver,-0.628411754550284,0.17812112660243817,0.03565342206182521
15117,15,8,1652.18,1,Platinum,-0.6942397615052628,0.6473133678195304,0.5866555940202608
15119,246,1,166.6,0,Bronze,0.35410353033640096,-0.5532947556651122,-0.6602694195254741
15120,134,1,181.4,0,Bronze,0.12269513897699648,-0.5532947556651122,-0.6141694297509567
15121,51,2,395.67,2,Silver,-0.24275071118739783,-0.22963807175534695,-0.19093138632798007
15122,115,11,3821.07,1,Platinum,0.06459168165065898,0.8769514395748774,1.0432278554555552
15123,8,5,2790.37,1,Platinum,-0.9146355619521664,0.32365668390976515,0.8720266859509371
15124,23,4,247.47,2,Silver,-0.5389245444443046,0.17812112660243817,-0.4457681971683429
15125,61,15,3876.2400000000002,1,Platinum,-0.17537500734875106,1.1065895113302244,1.0510352606073652
15126,537,2,346.23,0,Bronze,0.6523000195677051,-0.22963807175534695,-0.263450529356851
15127,66,2,313.35,2,Silver,-0.14566597995919667,-0.22963807175534695,-0.3176450651978491
15128,61,5,1462.16,3,Gold,-0.17537500734875106,0.32365668390976515,0.5201372100416363
15129,51,22,2639.7200000000003,1,Platinum,-0.24275071118739783,1.3962735958823376,0.8418020090927951
15130,170,1,323.15000000000003,0,Bronze,0.21324491414045238,-0.5532947556651122,-0.3009207868697261
15131,395,1,69.84,0,Bronze,0.5349151457132943,-0.5532947556651122,-1.1294069001371603
15132,19,5,749.69,2,Silver,-0.6087636294902878,0.32365668390976515,0.15657484683783718
15133,128,5,937.98,3,Gold,0.1052805739339436,0.32365668390976515,0.27849651655189955
15134,15,10,1357.25,1,Platinum,-0.6942397615052628,0.8074958608438627,0.47960511375020604
15135,240,2,288.73,0,Bronze,0.34468368374608005,-0.22963807175534695,-0.36207568120933115
15136,3,4,1129.38,2,Silver,-1.2252659960740826,0.17812112660243817,0.37956064708944176
15137,521,2,384.68,0,Bronze,0.6407352330569853,-0.22963807175534695,-0.20623779414571886
15138,394,1,380.51,0,Bronze,0.533946613066845,-0.5532947556651122,-0.21216002734374192
15139,240,2,134.08,0,Bronze,0.34468368374608005,-0.22963807175534695,-0.7777847196187349
15140,53,8,1937.71,1,Platinum,-0.2282941103223884,0.6473133678195304,0.6734504777814306
15141,458,7,943.65,3,Gold,0.5914677731577705,0.5532947556651121,0.28177623737954133
15142,47,6,1864.3500000000001,3,Gold,-0.2734114271598946,0.44670524433488773,0.6524362267121938
15143,226,2,421.1,3,Gold,0.3217590557952916,-0.22963807175534695,-0.15708032808800704
15144,9,28,8219.63,1,Platinum,-0.8742767467746977,1.5813058963946443,1.4604472468729492
15145,5,4,842.59,2,Silver,-1.0699507790131246,0.17812112660243817,0.22013595991741933
15146,165,2,898.44,3,Gold,0.20187747886946178,-0.22963807175534695,0.2550592470936716
15147,241,1,401.5,0,Bronze,0.34626983283478935,-0.5532947556651122,-0.18298288607548024
15148,11,1,291.45,2,Silver,-0.8044376617287146,-0.5532947556651122,-0.3569851525341249
15149,134,4,1034.31,3,Gold,0.12269513897699648,0.17812112660243817,0.3317004467931801
15150,18,13,7349.37,1,Platinum,-0.628411754550284,0.9999999999999998,1.399488864432331
15151,424,2,823.15,3,Gold,0.5619875032892562,-0.22963807175534695,0.2074350249546238
15152,10,14,4227.17,1,Platinum,-0.8377677575462616,1.0550725661773155,1.098237782272949
15153,32,1,242.46,2,Silver,-0.4169394232008936,-0.5532947556651122,-0.4568649915582239
15154,76,3,1136.57,3,Gold,-0.09237820086701533,0.0,0.3830148271712902
15155,384,1,303.69,0,Bronze,0.5241241657167796,-0.5532947556651122,-0.334648700257014
15156,2,3,696.51,2,Silver,-1.3354638962975345,0.0,0.11654690867720001
15157,4,5,1137.8700000000001,2,Silver,-1.1397898640591078,0.32365668390976515,0.383637034750901
15158,402,1,39.620000000000005,0,Bronze,0.5416271602535235,-0.5532947556651122,-1.432391394731301
15159,2,32,13455.92,1,Platinum,-1.3354638962975345,1.6844473004187401,1.728938347807212
15160,358,4,462.19,3,Gold,0.4973406357488674,0.17812112660243817,-0.10647329890743473
15161,389,1,109.42,0,Bronze,0.5290668724573551,-0.5532947556651122,-0.8875984786101655
15162,732,1,247.20000000000002,0,Bronze,0.7707738378829085,-0.5532947556651122,-0.4463605002393847
15163,19,2,295.77,2,Silver,-0.6087636294902878,-0.22963807175534695,-0.34899670927399634
15164,69,9,1927.96,1,Platinum,-0.1288871900954514,0.7314158822675506,0.670703822038483
15165,374,1,443.3,0,Bronze,0.5140432034538499,-0.5532947556651122,-0.12915632293965906
15166,468,1,134.25,0,Bronze,0.5997235767200496,-0.5532947556651122,-0.7770995425178242
15167,321,5,1170.07,3,Gold,0.45567547950261433,0.32365668390976515,0.39882611269842083
15168,26,1,99.6,0,Bronze,-0.4938072276067984,-0.5532947556651122,-0.938338397713471
15169,383,2,471.84000000000003,3,Gold,0.5231279246933352,-0.22963807175534695,-0.0952401623579305
15170,407,1,81.15,0,Bronze,0.5463504563202642,-0.5532947556651122,-1.0487130007975443
15172,9,5,1186.8,2,Silver,-0.8742767467746977,0.32365668390976515,0.40655376052839215
15173,381,7,1391.58,3,Gold,0.5211276357740323,0.5532947556651121,0.4932032912412368
15174,323,2,410.9,0,Bronze,0.45804734130738944,-0.22963807175534695,-0.1704064530702242
15175,72,1,161.62,0,Bronze,-0.11281261657107146,-0.5532947556651122,-0.6767020467372654
15176,668,1,846.94,3,Gold,0.7357773537539475,-0.5532947556651122,0.22293789852681337
15177,426,1,272.15000000000003,0,Bronze,0.5637858843277077,-0.5532947556651122,-0.3941784480623392
15178,261,1,40.5,0,Bronze,0.3766869529595871,-0.5532947556651122,-1.4207152770909246
15179,19,12,3928.62,1,Platinum,-0.6087636294902878,0.9408443783721279,1.0583457041211795
15180,368,3,681.75,3,Gold,0.5078647718073205,0.0,0.10489518661968102
15181,176,1,19.8,0,Bronze,0.226454997609995,-0.5532947556651122,-1.7970142158015396
15182,155,11,2227.582,1,Platinum,0.17807762315797018,0.8769514395748774,0.7493610645335368
15183,548,3,619.77,3,Gold,0.6600529963391973,0.0,0.05304986314725416
15184,30,4,460.94,2,Silver,-0.44088812463316107,0.17812112660243817,-0.10794546095961946
15185,71,1,37.68,0,Bronze,-0.11809621009893657,-0.5532947556651122,-1.4590515890982976
15186,15,5,995.32,2,Silver,-0.6942397615052628,0.32365668390976515,0.3107877494996744
15187,2,10,1526.84,1,Platinum,-1.3354638962975345,0.8074958608438627,0.5437023169813823
15188,726,1,192.53,0,Bronze,0.7676254273564499,-0.5532947556651122,-0.5819020851434618
15189,2,40,3486.9700000000003,1,Platinum,-1.3354638962975345,1.8577159160280703,0.9933959494671462
15190,435,1,251.55,0,Bronze,0.5717757223529184,-0.5532947556651122,-0.4368953539703057
15191,464,3,553.35,3,Gold,0.5964425762960016,0.0,-0.008599399197553446
15192,120,5,881.71,3,Gold,0.08075671555037933,0.32365668390976515,0.24483073295221994
15193,61,1,387.45,2,Silver,-0.17537500734875106,-0.5532947556651122,-0.202339129943131
15194,4,28,6221.74,1,Platinum,-1.1397898640591078,1.5813058963946443,1.3087616607631207
15196,433,2,313.7,0,Bronze,0.5700145493304952,-0.22963807175534695,-0.31703884412559585
15197,11,5,583.25,2,Silver,-0.8044376617287146,0.32365668390976515,0.02001917381523131
15198,93,5,344.25,3,Gold,-0.015962912116332044,0.32365668390976515,-0.26656588222297756
15199,60,10,1895.9,1,Platinum,-0.18160367235153863,0.8074958608438627,0.6615733608234003
15200,495,1,507.25,0,Bronze,0.6211643445044789,-0.5532947556651122,-0.05589839455806541
15201,88,7,1235.3300000000002,3,Gold,-0.036900060684146946,0.5532947556651121,0.4283690269014646
15203,26,14,4003.5,1,Platinum,-0.4938072276067984,1.0550725661773155,1.0686288991285793
15204,358,1,178.70000000000002,0,Bronze,0.4973406357488674,-0.5532947556651122,-0.6222938315615911
15205,86,2,405.39,2,Silver,-0.045606218572792845,-0.22963807175534695,-0.17774312373932233
15206,146,2,53.10000000000001,0,Bronze,0.15531521706095783,-0.22963807175534695,-1.2762729073932972
15207,421,2,381.04,0,Bronze,0.559274001097281,-0.22963807175534695,-0.2114037404682665
15208,2,6,805.97,2,Silver,-1.3354638962975345,0.44670524433488773,0.1959587376263387
15209,731,1,161.08,0,Bronze,0.7702508965626492,-0.5532947556651122,-0.6785140541812487
15210,226,3,776.11,3,Gold,0.3217590557952916,0.0,0.17541817926699774
15211,61,2,687.9100000000001,2,Silver,-0.17537500734875106,-0.22963807175534695,0.10978829982667014
15212,242,2,128.68,0,Bronze,0.3478494410839376,-0.22963807175534695,-0.8000101267307329
15213,319,2,280.95,0,Bronze,0.45328883964735195,-0.22963807175534695,-0.3769043278875745
15214,2,8,1414.55,1,Platinum,-1.3354638962975345,0.6473133678195304,0.502115833012057
15215,47,7,1851.93,1,Platinum,-0.2734114271598946,0.5532947556651121,0.6487968314421806
15216,88,2,423.09000000000003,2,Silver,-0.036900060684146946,-0.22963807175534695,-0.1545180037939219
15217,564,1,426.24,0,Bronze,0.6710571126893016,-0.5532947556651122,-0.15048654055636432
15218,11,20,6905.96,1,Platinum,-0.8044376617287146,1.3236566839097652,1.3655923167248267
15219,177,2,396.70000000000005,3,Gold,0.22861305660026304,-0.22963807175534695,-0.1895186447086382
15220,52,6,1528.23,3,Gold,-0.23545421519469298,0.44670524433488773,0.5441977187501871
15221,367,4,1190.0,3,Gold,0.506825274676598,0.17812112660243817,0.40801944476265883
15222,473,9,1056.72,3,Gold,0.6037856981128283,0.7314158822675506,0.3433666921427658
15223,226,5,731.85,3,Gold,0.3217590557952916,0.32365668390976515,0.1434720311849432
15224,359,5,504.41,3,Gold,0.4984061564848583,0.32365668390976515,-0.05895103232630104
15225,235,1,362.6,0,Bronze,0.33665289783344715,-0.5532947556651122,-0.23835433720061217
15226,311,1,121.95,0,Bronze,0.44359074044238017,-0.5532947556651122,-0.8290423981793735
15227,37,9,1752.9,1,Platinum,-0.36289863726587396,0.7314158822675506,0.6188742968578201
15228,67,6,3515.84,1,Platinum,-0.1399909953095136,0.44670524433488773,0.9978865144862797
15229,587,1,100.5,0,Bronze,0.6863414516297778,-0.5532947556651122,-0.933486326428704
15230,240,2,335.1,0,Bronze,0.34468368374608005,-0.22963807175534695,-0.2811986017799266
15231,622,1,200.10000000000002,0,Bronze,0.7084894959950994,-0.5532947556651122,-0.5609991551807482
15232,114,2,139.9,0,Bronze,0.0612751721227529,-0.22963807175534695,-0.7548043043127248
15233,402,1,59.400000000000006,0,Bronze,0.5416271602535235,-0.5532947556651122,-1.2162631313406234
15234,277,1,179.0,0,Bronze,0.39939312262434723,-0.5532947556651122,-0.6213851137858953
15235,218,16,2439.33,1,Platinum,0.3080157177742967,1.1549822427096075,0.7988091820805772
15236,299,1,93.05,0,Bronze,0.428567071438875,-0.5532947556651122,-0.975015836434881
15237,2,4,1150.94,2,Silver,-1.3354638962975345,0.17812112660243817,0.38985344024525315
15238,30,3,636.11,2,Silver,-0.44088812463316107,0.0,0.06720406471167431
15239,11,2,695.09,2,Silver,-0.8044376617287146,-0.22963807175534695,0.11543671573284518
15240,45,12,3033.4900000000002,1,Platinum,-0.28971407717663195,0.9408443783721279,0.9175214111506114
15241,67,11,1853.95,1,Platinum,-0.1399909953095136,0.8769514395748774,0.6493904040458783
15242,423,1,47.400000000000006,0,Bronze,0.5610851366585369,-0.5532947556651122,-1.33692522136867
15243,75,2,784.97,3,Gold,-0.09738551998146396,-0.22963807175534695,0.18159415061990278
15244,66,3,641.63,2,Silver,-0.14566597995919667,0.0,0.071903743028572
15245,135,7,2113.66,3,Gold,0.1255221219748964,0.5532947556651121,0.7207758598769299
15246,239,3,724.35,3,Gold,0.3430909394239001,0.0,0.1378680572709449
15247,123,2,60.400000000000006,0,Bronze,0.09013810993565893,-0.22963807175534695,-1.2073175086592343
15248,412,3,1591.98,3,Gold,0.5510162199438734,0.0,0.566447541141299
15249,32,18,8222.18,1,Platinum,-0.4169394232008936,1.2437665043036517,1.4606162076272615
15250,641,1,60.0,0,Bronze,0.719997135616181,-0.5532947556651122,-1.2108781499635886
15251,41,12,3213.04,1,Platinum,-0.3245612223338783,0.9408443783721279,0.9488380561488131
15252,37,5,1507.24,3,Gold,-0.36289863726587396,0.32365668390976515,0.5366684038636839
15253,17,8,1562.96,1,Platinum,-0.6491224446677566,0.6473133678195304,0.5564316079425691
15254,128,3,889.65,3,Gold,0.1052805739339436,0.0,0.2497091014455688
15255,67,8,2524.2000000000003,1,Platinum,-0.1399909953095136,0.6473133678195304,0.8174334406954212
15256,149,2,170.4,0,Bronze,0.163053954154465,-0.22963807175534695,-0.6480556366513223
15257,284,2,88.95,0,Bronze,0.4089189463788791,-0.22963807175534695,-0.9992979246721289
15258,169,2,500.26,3,Gold,0.2109982539898713,-0.22963807175534695,-0.06344274054367384
15259,513,3,557.2,3,Gold,0.6348192165065734,0.0,-0.004828967907113499
15260,101,23,5722.31,1,Platinum,0.01532422175144424,1.4302461952399896,1.2631840430982701
15261,136,4,1274.23,3,Gold,0.12832839428870058,0.17812112660243817,0.445245779374407
15262,324,3,406.07,3,Gold,0.45922778741137177,0.0,-0.17683232815297914
15263,107,1,156.51,0,Bronze,0.0372190069620216,-0.5532947556651122,-0.6940952479326705
15264,65,2,765.45,2,Silver,-0.1514263059164838,-0.22963807175534695,0.16789348776272284
15265,152,4,2860.87,3,Gold,0.1706394388124024,0.17812112660243817,0.8856148979787825
15266,339,5,568.01,3,Gold,0.4765113712742813,0.32365668390976515,0.00562021379684696
15268,606,1,323.1,0,Bronze,0.6985232894123563,-0.5532947556651122,-0.3010048248460155
15269,381,2,697.11,3,Gold,0.5211276357740323,-0.22963807175534695,0.1170153251921051
15270,118,16,2864.25,1,Platinum,0.0743723268009127,1.1549822427096075,0.8862579240382698
15271,8,24,3814.59,1,Platinum,-0.9146355619521664,1.4628317645351008,1.0423034491596948
15272,58,6,1460.57,3,Gold,-0.19437333673537285,0.44670524433488773,0.5195448858189744
15274,5,2,620.33,2,Silver,-1.0699507790131246,-0.22963807175534695,0.053541087173644836
15275,38,1,458.07,2,Silver,-0.3529486114108498,-0.5532947556651122,-0.11134067425367788
15276,67,4,583.95,3,Gold,-0.1399909953095136,0.17812112660243817,0.02067148885408278
15277,47,2,312.48,2,Silver,-0.2734114271598946,-0.22963807175534695,-0.3191548865831116
15278,562,4,362.96000000000004,3,Gold,0.6696987621254669,0.17812112660243817,-0.23781522168881272
15279,355,5,1224.65,3,Gold,0.49412617388467306,0.32365668390976515,0.42364254975641713
15280,173,3,235.53,0,Bronze,0.21990689871161714,0.0,-0.4725968246470894
15281,59,16,6385.95,1,Platinum,-0.18793529514491986,1.1549822427096075,1.3229511854851845
15282,571,1,112.85,0,Bronze,0.675773761909243,-0.5532947556651122,-0.8709334943414988
15283,488,2,114.43,0,Bronze,0.6157198240080672,-0.22963807175534695,-0.8634251203873606
15284,501,1,24.75,0,Bronze,0.6257702652194208,-0.5532947556651122,-1.6807145031973596
15285,408,1,46.2,0,Bronze,0.5472881665990617,-0.5532947556651122,-1.3506023291832003
15286,50,1,125.80000000000001,0,Bronze,-0.2501888955329656,-0.5532947556651122,-0.8122451653052252
15287,23,5,486.93,2,Silver,-0.5389245444443046,0.32365668390976515,-0.07812607963923483
15288,44,9,2653.7,1,Platinum,-0.2981331953683717,0.7314158822675506,0.8446784527717152
15289,30,5,1115.01,2,Silver,-0.44088812463316107,0.32365668390976515,0.37259076163411664
15290,5,25,3398.82,1,Platinum,-1.0699507790131246,1.49413913403724,0.9794510869291243
15291,26,30,5122.8,1,Platinum,-0.4938072276067984,1.6345413257422818,1.2029040368140038
15292,202,1,127.59,0,Bronze,0.2789550037610853,-0.5532947556651122,-0.8046084893902209
15293,666,1,234.3,0,Bronze,0.7346304832636996,-0.5532947556651122,-0.4754371536620384
15294,411,1,215.45000000000002,0,Bronze,0.5500876026221844,-0.5532947556651122,-0.5209269027301892
15295,655,1,207.04,0,Bronze,0.7282605722542241,-0.5532947556651122,-0.5425159496457918
15296,51,12,7491.860000000001,1,Platinum,-0.24275071118739783,0.9408443783721279,1.4099485207911848
15297,11,3,641.94,2,Silver,-0.8044376617287146,0.0,0.07216647569834402
15298,3,22,6153.2300000000005,1,Platinum,-1.2252659960740826,1.3962735958823376,1.3027306212932956
15300,65,1,389.84,2,Silver,-0.1514263059164838,-0.5532947556651122,-0.19899757762521267
15301,51,15,4788.18,1,Platinum,-0.24275071118739783,1.1065895113302244,1.1661114092230485
15302,731,1,264.20000000000005,0,Bronze,0.7702508965626492,-0.5532947556651122,-0.41026941304275516
15303,291,3,957.1500000000001,3,Gold,0.41821361799774853,0.0,0.28950653150995637
15304,61,5,242.60000000000002,2,Silver,-0.17537500734875106,0.32365668390976515,-0.4565518117966735
15305,556,1,93.6,0,Bronze,0.6655945679602779,-0.5532947556651122,-0.9718392899408379
15306,65,9,2076.02,1,Platinum,-0.1514263059164838,0.7314158822675506,0.7109917510711735
15307,96,1,135.1,0,Bronze,-0.003928798108388237,-0.5532947556651122,-0.7736865241446786
15308,275,1,251.15,0,Bronze,0.39662737445314583,-0.5532947556651122,-0.4377588789067477
15309,611,4,733.61,3,Gold,0.7016656733812224,0.17812112660243817,0.14477878780782302
15310,479,1,321.68,0,Bronze,0.6086040567083101,-0.5532947556651122,-0.3033969316484606
15311,1,202,30985.68,1,Platinum,-1.4907791133584927,3.1346006520597562,2.1833165275411375
15312,76,12,2330.09,1,Platinum,-0.09237820086701533,0.9408443783721279,0.7738599002643302
15314,200,3,521.96,3,Gold,0.2751623543861715,0.0,-0.04035509837447016
15315,65,2,234.74,2,Silver,-0.1514263059164838,-0.22963807175534695,-0.47441939895326135
15317,678,1,129.75,0,Bronze,0.741460758570858,-0.5532947556651122,-0.7955335780012951
15318,4,1,185.78,2,Silver,-1.1397898640591078,-0.5532947556651122,-0.6012422309123043
15319,284,1,147.5,0,Bronze,0.4089189463788791,-0.5532947556651122,-0.726184738642826
15320,45,1,197.53,0,Bronze,-0.28971407717663195,-0.5532947556651122,-0.5680061070344069
15321,71,12,5075.27,1,Platinum,-0.11809621009893657,0.9408443783721279,1.197826934547348
15322,86,2,971.86,3,Gold,-0.045606218572792845,-0.22963807175534695,0.2978066569660856
15323,563,3,407.75,3,Gold,0.6703785395134462,0.0,-0.17458863401341584
15324,702,1,140.22000000000003,0,Bronze,0.7547664479056198,-0.5532947556651122,-0.7535684582016369
15325,104,8,1372.76,3,Gold,0.02642802696550642,0.6473133678195304,0.4857907201953983
15326,334,5,1381.95,3,Gold,0.4708363866245982,0.32365668390976515,0.4894229569143528
15327,53,1,79.8,0,Bronze,-0.2282941103223884,-0.5532947556651122,-1.0577398761619186
15328,408,1,83.53999999999999,0,Bronze,0.5472881665990617,-0.5532947556651122,-1.0330899363831616
15329,40,11,2184.78,1,Platinum,-0.33379189688341554,0.8769514395748774,0.7387963483501536
15331,500,3,570.59,3,Gold,0.6250064475035297,0.0,0.008084749904291047
15332,370,5,3483.4,3,Gold,0.5099353414845531,0.32365668390976515,0.9928380757073427
15333,209,1,208.0,0,Bronze,0.2919411442499164,-0.5532947556651122,-0.5400078638182482
15334,157,3,340.87,3,Gold,0.18295736376746013,0.0,-0.27192552345370663
15335,54,1,170.22,0,Bronze,-0.22126539096246675,-0.5532947556651122,-0.6486280476107535
15336,402,1,216.8,0,Bronze,0.5416271602535235,-0.5532947556651122,-0.5175396824073635
15337,412,1,233.8,0,Bronze,0.5510162199438734,-0.5532947556651122,-0.47659600579060674
15338,678,1,265.18,0,Bronze,0.741460758570858,-0.5532947556651122,-0.40825999883107195
15339,67,6,1258.25,3,Gold,-0.1399909953095136,0.44670524433488773,0.43837601617168087
15340,562,1,105.5,0,Bronze,0.6696987621254669,-0.5532947556651122,-0.9072901173348726
15341,450,1,31.2,0,Bronze,0.5847325762132254,-0.5532947556651122,-1.5589396891776597
15342,130,1,331.62,0,Bronze,0.11117383567517708,-0.5532947556651122,-0.2868686526867394
15343,88,1,250.70000000000002,0,Bronze,-0.036900060684146946,-0.5532947556651122,-0.43873198338736225
15344,1,3,254.68,2,Silver,-1.4907791133584927,0.0,-0.43018512040440426
15345,46,1,230.39000000000001,2,Silver,-0.281476029400742,-0.5532947556651122,-0.48456580311168546
15346,333,3,586.04,3,Gold,0.4696912304425719,0.0,0.02261448055809879
15347,367,4,582.85,3,Gold,0.506825274676598,0.17812112660243817,0.019646071374339453
15348,73,1,158.04,0,Bronze,-0.10760091090258887,-0.5532947556651122,-0.6888290084985043
15349,159,2,343.36,0,Bronze,0.18777572236294193,-0.22963807175534695,-0.2679720424282554
15350,374,2,547.6,3,Gold,0.5140432034538499,-0.22963807175534695,-0.014279604855371119
15351,13,10,2741.14,1,Platinum,-0.7453895566792464,0.8074958608438627,0.8623330054548831
15352,549,1,75.7,0,Bronze,0.6607500929057378,-0.5532947556651122,-1.0861092358378255
15353,255,7,2131.69,3,Gold,0.36781270763237706,0.5532947556651121,0.7254010372366174
15355,30,2,277.05,2,Silver,-0.44088812463316107,-0.22963807175534695,-0.3844924045049814
15356,32,13,3192.07,1,Platinum,-0.4169394232008936,0.9999999999999998,0.9452720186402754
15358,5,42,12787.49,1,Platinum,-1.0699507790131246,1.895734320296883,1.7011831322475044
15359,663,8,181.35,3,Gold,0.7329037134382814,0.6473133678195304,-0.6143187857985583
15360,40,1,167.05,0,Bronze,-0.33379189688341554,-0.5532947556651122,-0.6588086751311599
15361,362,2,81.60000000000001,0,Bronze,0.5015850498957471,-0.22963807175534695,-1.0457369778445489
15362,449,2,466.53000000000003,3,Gold,0.5838822884998331,-0.22963807175534695,-0.10139261780231144
15363,373,2,543.25,3,Gold,0.5130203605027174,-0.22963807175534695,-0.01861650177519158
15364,96,2,319.67,2,Silver,-0.003928798108388237,-0.22963807175534695,-0.30680099999396965
15365,26,13,3538.56,1,Platinum,-0.4938072276067984,0.9999999999999998,1.0013946369244393
15366,76,7,1331.65,3,Gold,-0.09237820086701533,0.5532947556651121,0.46923929489115995
15367,58,11,4251.9400000000005,1,Platinum,-0.19437333673537285,0.8769514395748774,1.1014199469547217
15368,22,2,82.3,2,Silver,-0.555227194461042,-0.22963807175534695,-1.041139683218331
15369,493,2,297.2,0,Bronze,0.6196166476208109,-0.22963807175534695,-0.3463779841692278
15370,60,7,2394.32,1,Platinum,-0.18160367235153863,0.5532947556651121,0.7886673876826571
15371,663,1,59.400000000000006,0,Bronze,0.7329037134382814,-0.5532947556651122,-1.2162631313406234
15372,662,3,314.4,0,Bronze,0.7323263893537192,0.0,-0.3158284220242431
15373,9,15,2045.0900000000001,1,Platinum,-0.8742767467746977,1.1065895113302244,0.7028181911432442
15374,129,2,119.4,0,Bronze,0.10823853811198687,-0.22963807175534695,-0.8404599458156924
15375,691,1,47.04,0,Bronze,0.7487253204964118,-0.5532947556651122,-1.3409924203696004
15376,41,3,1067.45,2,Silver,-0.3245612223338783,0.0,0.34886530988207715
15377,383,4,672.45,3,Gold,0.5231279246933352,0.17812112660243817,0.09742357787106473
15378,463,2,246.5,0,Bronze,0.595617916219479,-0.22963807175534695,-0.4478991065723897
15379,170,8,3742.13,3,Gold,0.21324491414045238,0.6473133678195304,1.03185837611105
15380,9,8,1210.7,1,Platinum,-0.8742767467746977,0.6473133678195304,0.4174065059403306
15381,269,2,140.10000000000002,0,Bronze,0.3882082562614065,-0.22963807175534695,-0.7540315720126496
15382,15,11,10505.1,1,Platinum,-0.6942397615052628,0.8769514395748774,1.5940858516744123
15384,170,4,1376.45,3,Gold,0.21324491414045238,0.17812112660243817,0.48725205925012804
15385,41,3,238.76000000000002,2,Silver,-0.3245612223338783,0.0,-0.4652078219897309
15386,187,1,284.58,0,Bronze,0.24955020516807794,-0.5532947556651122,-0.36993530597776336
15387,493,1,246.75000000000003,0,Bronze,0.6196166476208109,-0.5532947556651122,-0.44734910533413963
15388,271,1,140.54,0,Bronze,0.3910352392593064,-0.5532947556651122,-0.7523354093114685
15390,397,2,1095.94,3,Gold,0.5368448951729259,-0.22963807175534695,0.3632013593163942
15391,585,1,200.8,0,Bronze,0.685036324446944,-0.5532947556651122,-0.5591061608404437
15392,5,7,1581.67,1,Platinum,-1.0699507790131246,0.5532947556651121,0.56291021042048
15393,17,5,812.5300000000001,2,Silver,-0.6491224446677566,0.32365668390976515,0.20036941490343002
15394,10,11,4147.71,1,Platinum,-0.8377677575462616,0.8769514395748774,1.0879023796747238
15395,326,1,107.45,0,Bronze,0.4615778221294666,-0.5532947556651122,-0.8974055609702535
15396,113,1,258.18,0,Bronze,0.05792969707949422,-0.5532947556651122,-0.42277826804520385
15397,290,1,94.0,0,Bronze,0.41689953623697995,-0.5532947556651122,-0.9695406528587475
15398,17,2,1212.29,2,Silver,-0.6491224446677566,-0.22963807175534695,0.4181208958971282
15399,2,3,678.25,2,Silver,-1.3354638962975345,0.0,0.10209530287836029
15400,129,4,346.34999999999997,3,Gold,0.10823853811198687,0.17812112660243817,-0.2632622914511353
15401,453,2,155.55,0,Bronze,0.5872721730797016,-0.22963807175534695,-0.6974257374052546
15402,149,6,1252.3700000000001,3,Gold,0.163053954154465,0.44670524433488773,0.4358262555335886
15404,376,1,115.12,0,Bronze,0.5160807319685239,-0.5532947556651122,-0.8601783341468683
15405,190,2,444.18,3,Gold,0.2556145184896223,-0.22963807175534695,-0.12807838258124582
15406,32,4,887.15,2,Silver,-0.4169394232008936,0.17812112660243817,0.2481777979294152
15407,34,4,677.34,2,Silver,-0.3944003073798616,0.17812112660243817,0.1013649698643544
15408,265,1,186.68,0,Bronze,0.3824909194133723,-0.5532947556651122,-0.5986235292817658
15409,722,1,131.25,0,Bronze,0.7655120180914482,-0.5532947556651122,-0.7893193336590008
15410,85,10,3073.8700000000003,1,Platinum,-0.05003464312701457,0.8074958608438627,0.9247229453539972
15411,27,4,1213.74,2,Silver,-0.47987643939483643,0.17812112660243817,0.4187715678865314
15412,172,1,160.29,0,Bronze,0.2176990859275922,-0.5532947556651122,-0.6811758597821301
15413,692,1,16.5,0,Bronze,0.7492784678237207,-0.5532947556651122,-1.8911254481110173
15414,10,3,670.86,2,Silver,-0.8377677575462616,0.0,0.09613585306435964
15415,314,1,397.40000000000003,0,Bronze,0.4472563613108746,-0.5532947556651122,-0.18856061575642769
15416,65,7,3216.4300000000003,1,Platinum,-0.1514263059164838,0.5532947556651121,0.9494123545353264
15417,86,1,495.6,2,Silver,-0.045606218572792845,-0.5532947556651122,-0.06853098028691046
15418,426,2,426.17,0,Bronze,0.5637858843277077,-0.22963807175534695,-0.15057580527166553
15419,25,1,49.7,0,Bronze,-0.5082638284718078,-0.5532947556651122,-1.3116333896511279
15420,435,6,550.34,3,Gold,0.5717757223529184,0.44670524433488773,-0.011565475318629014
15421,59,10,3569.51,1,Platinum,-0.18793529514491986,0.8074958608438627,1.006137467662891
15422,324,7,1316.52,3,Gold,0.45922778741137177,0.5532947556651121,0.4630188990988127
15423,39,3,147.24,2,Silver,-0.3432505122058779,0.0,-0.7271393914911238
15424,255,3,223.3,0,Bronze,0.36781270763237706,0.0,-0.5015193234176522
15425,401,4,1229.47,3,Gold,0.5406754716705815,0.17812112660243817,0.4257807388998483
15426,20,9,1705.26,1,Platinum,-0.5900743396182883,0.7314158822675506,0.6038722291378742
15427,34,3,1266.1200000000001,2,Silver,-0.3944003073798616,0.0,0.4417701369115461
15428,16,4,641.27,2,Silver,-0.6710172298783336,0.17812112660243817,0.0715984750232662
15429,27,2,321.98,2,Silver,-0.47987643939483643,-0.22963807175534695,-0.3028906810960793
15430,468,2,782.95,3,Gold,0.5997235767200496,-0.22963807175534695,0.18019223397278492
15432,24,2,244.26000000000002,2,Silver,-0.523287497475313,-0.22963807175534695,-0.4528520534406733
15433,214,2,445.7,3,Gold,0.3009546061723703,-0.22963807175534695,-0.12622149466889998
15434,9,11,1930.44,1,Platinum,-0.8742767467746977,0.8769514395748774,0.6714037728792203
15435,23,1,125.84,2,Silver,-0.5389245444443046,-0.5532947556651122,-0.8120733387211752
15436,13,3,1016.87,2,Silver,-0.7453895566792464,0.0,0.32244541304968544
15437,263,2,382.95,0,Bronze,0.3795999286523362,-0.22963807175534695,-0.20868693042969638
15438,132,1,145.63,0,Bronze,0.11697780212896233,-0.5532947556651122,-0.7330884427084131
15439,405,4,985.85,3,Gold,0.5444681210454952,0.17812112660243817,0.3055848978632813
15440,55,3,383.68,2,Silver,-0.2143633221104263,0.0,-0.20765213675490257
15441,397,3,967.39,3,Gold,0.5368448951729259,0.0,0.295297805628636
15443,2,13,4236.7,1,Platinum,-1.3354638962975345,0.9999999999999998,1.0994642880403194
15444,10,2,1297.11,2,Silver,-0.8377677575462616,-0.22963807175534695,0.45493342847623924
15445,265,2,130.55,0,Bronze,0.3824909194133723,-0.22963807175534695,-0.7922104953056353
15446,377,3,399.75,3,Gold,0.5170954463568579,0.0,-0.18535664225040385
15447,331,5,431.93,3,Gold,0.46739059615387146,0.32365668390976515,-0.14327907765999728
15448,313,2,629.49,3,Gold,0.4460383810872603,-0.22963807175534695,0.06151386101823216
15449,27,3,777.62,2,Silver,-0.47987643939483643,0.0,0.1764757050464625
15450,31,1,336.44,2,Silver,-0.42872664422085277,-0.5532947556651122,-0.2790309471651526
15451,435,2,184.26,0,Bronze,0.5717757223529184,-0.22963807175534695,-0.605693711405211
15452,30,6,1646.1100000000001,1,Platinum,-0.44088812463316107,0.44670524433488773,0.5846516518560179
15453,2,7,1161.57,1,Platinum,-1.3354638962975345,0.5532947556651121,0.39485753313181937
15454,363,2,262.19,0,Bronze,0.5026388454918482,-0.22963807175534695,-0.414414099369146
15456,284,10,1444.23,3,Gold,0.4089189463788791,0.8074958608438627,0.5134201186884046
15457,263,1,217.17,0,Bronze,0.3795999286523362,-0.5532947556651122,-0.5166149984379491
15458,26,1,53.4,0,Bronze,-0.4938072276067984,-0.5532947556651122,-1.2732603125444002
15459,418,2,110.4,0,Bronze,0.5565411396297061,-0.22963807175534695,-0.8827848086958119
15460,355,1,184.6,0,Bronze,0.49412617388467306,-0.5532947556651122,-0.6046948225891281
15462,95,4,528.0,3,Gold,-0.007898309875484755,0.17812112660243817,-0.03409918695653406
15463,30,1,89.30000000000001,0,Bronze,-0.44088812463316107,-0.5532947556651122,-0.997182286361889
15464,339,1,811.4,3,Gold,0.4765113712742813,-0.5532947556651122,0.1996121901978722
15465,20,31,4172.61,1,Platinum,-0.5900743396182883,1.6598842669953369,1.0911622801265994
15466,86,4,1421.36,3,Gold,-0.045606218572792845,0.17812112660243817,0.5047303859106893
15467,10,3,413.05,2,Silver,-0.8377677575462616,0.0,-0.16757027307639574
15468,52,2,981.16,2,Silver,-0.23545421519469298,-0.22963807175534695,0.3029896798429201
15469,51,3,618.25,2,Silver,-0.24275071118739783,0.0,0.051714303706826864
15470,576,1,8.4,0,Bronze,0.6791075902428337,-0.5532947556651122,-2.229699045536379
15471,3,3,864.11,2,Silver,-1.2252659960740826,0.0,0.23385891106732176
15472,114,1,351.65999999999997,0,Bronze,0.0612751721227529,-0.5532947556651122,-0.2549972180853776
15474,596,1,124.85000000000001,0,Bronze,0.6921601122338841,-0.5532947556651122,-0.8163420567385956
15475,78,1,406.31,2,Silver,-0.08255575351694985,-0.5532947556651122,-0.17651123410097302
15476,381,4,1275.03,3,Gold,0.5211276357740323,0.17812112660243817,0.44558743091792263
15478,41,3,1015.35,2,Silver,-0.3245612223338783,0.0,0.32163128286904114
15479,734,1,147.4,0,Bronze,0.7718175836447527,-0.5532947556651122,-0.7265517148643242
15480,117,3,2815.71,3,Gold,0.07113978054903715,0.0,0.876949840526451
15481,402,1,183.0,0,Bronze,0.5416271602535235,-0.5532947556651122,-0.609411528938371
15482,16,11,1378.17,1,Platinum,-0.6710172298783336,0.8769514395748774,0.4879318882810182
15483,162,10,709.11,3,Gold,0.19489148966269906,0.8074958608438627,0.12630005684393994
15484,2,6,2724.88,1,Platinum,-1.3354638962975345,0.44670524433488773,0.8590930440795065
15485,31,6,2846.63,1,Platinum,-0.42872664422085277,0.44670524433488773,0.8828974520057001
15487,680,1,201.32,0,Bronze,0.7425873901406594,-0.5532947556651122,-0.5577041823684208
15488,457,3,152.28,0,Bronze,0.5906323214468823,0.0,-0.7089254905481673
15489,23,8,1939.0900000000001,1,Platinum,-0.5389245444443046,0.6473133678195304,0.6738381188871411
15490,431,1,210.85,0,Bronze,0.5682452415308415,-0.5532947556651122,-0.5326292926000921
15491,96,6,1842.7900000000002,3,Gold,-0.003928798108388237,0.44670524433488773,0.6461029490635514
15492,29,2,355.64,2,Silver,-0.4534484124293297,-0.22963807175534695,-0.24888349482817274
15493,33,9,3281.7200000000003,1,Platinum,-0.4055041125939236,0.7314158822675506,0.9603566044498171
15494,22,5,2615.08,1,Platinum,-0.555227194461042,0.32365668390976515,0.8366949540833369
15495,380,1,170.2,0,Bronze,0.5201235606051635,-0.5532947556651122,-0.6486916859707599
15496,632,1,105.04,0,Bronze,0.7145892181582387,-0.5532947556651122,-0.9096482375398277
15497,18,8,2302.48,1,Platinum,-0.628411754550284,0.6473133678195304,0.7673689212604708
15498,3,44,18869.81,1,Platinum,-1.2252659960740826,1.9320240057521927,1.9131396016937807
15499,724,1,158.65,0,Bronze,0.7665701802494287,-0.5532947556651122,-0.6867435092624685
15500,9,4,871.33,2,Silver,-0.8742767467746977,0.17812112660243817,0.23838661465653632
15501,405,2,343.52,0,Bronze,0.5444681210454952,-0.22963807175534695,-0.26771898183598564
15502,16,11,4318.1,1,Platinum,-0.6710172298783336,0.8769514395748774,1.109829405562488
15503,363,2,247.35,0,Bronze,0.5026388454918482,-0.22963807175534695,-0.44603136347765804
15504,82,4,362.9,2,Silver,-0.06363563841494821,0.17812112660243817,-0.23790503723270004
15505,53,5,1361.22,3,Gold,-0.2282941103223884,0.32365668390976515,0.4811951058991396
15506,23,6,1452.97,1,Platinum,-0.5389245444443046,0.44670524433488773,0.5167047201224436
15507,172,1,420.51,0,Bronze,0.2176990859275922,-0.5532947556651122,-0.15784233422527583
15508,190,6,750.1,3,Gold,0.2556145184896223,0.44670524433488773,0.1568723028595668
15509,381,1,119.56,0,Bronze,0.5211276357740323,-0.5532947556651122,-0.83973647136645
15511,12,5,670.23,2,Silver,-0.7737769457562178,0.32365668390976515,0.09562477931843655
15512,156,3,235.88,0,Bronze,0.18052526380285028,0.0,-0.4717913000581946
15513,34,31,11205.49,1,Platinum,-0.3944003073798616,1.6598842669953369,1.6292440904876193
15514,13,17,3353.02,1,Platinum,-0.7453895566792464,1.2006081234846424,0.972062362431836
15515,388,1,91.65,0,Bronze,0.5280834201646555,-0.5532947556651122,-0.9831861733181171
15516,45,3,62.43,0,Bronze,-0.28971407717663195,0.0,-1.1895975190993946
15517,234,1,178.11,0,Bronze,0.3350263371830528,-0.5532947556651122,-0.6240854105923314
15518,65,15,3332.58,1,Platinum,-0.1514263059164838,1.1065895113302244,0.9687322410736922
15519,384,2,263.25,0,Bronze,0.5241241657167796,-0.22963807175534695,-0.4122244151264992
15520,2,1,320.70000000000005,2,Silver,-1.3354638962975345,-0.5532947556651122,-0.3050539696329562
15521,41,15,3815.86,1,Platinum,-0.3245612223338783,1.1065895113302244,1.042484745009719
15522,33,2,205.21,2,Silver,-0.4055041125939236,-0.22963807175534695,-0.5473292116619287
15523,85,13,1894.3,1,Platinum,-0.05003464312701457,0.9999999999999998,0.6611136583076769
15524,607,1,49.0,0,Bronze,0.699153831871766,-0.5532947556651122,-1.3192073612229622
15525,3,4,746.19,2,Silver,-1.2252659960740826,0.17812112660243817,0.15402895517642448
15526,34,1,9.14,0,Bronze,-0.3944003073798616,-0.5532947556651122,-2.1884168278778344
15527,19,22,3964.3,1,Platinum,-0.6087636294902878,1.3962735958823376,1.0632698189816234
15528,255,1,120.82,0,Bronze,0.36781270763237706,-0.5532947556651122,-0.8340724382746721
15529,23,12,4188.15,1,Platinum,-0.5389245444443046,0.9408443783721279,1.093186930262401
15530,22,5,1316.8500000000001,2,Silver,-0.555227194461042,0.32365668390976515,0.46315533241968254
15531,9,2,1632.0,2,Silver,-0.8742767467746977,-0.22963807175534695,0.5799647118956277
15532,26,10,3015.36,1,Platinum,-0.4938072276067984,0.8074958608438627,0.9142568047881219
15533,20,3,592.92,2,Silver,-0.5900743396182883,0.0,0.028962032589099008
15534,726,1,162.25,0,Bronze,0.7676254273564499,-0.5532947556651122,-0.6745956274834056
15535,174,6,785.4200000000001,3,Gold,0.22210205920393347,0.44670524433488773,0.1819059680288013
15536,410,1,187.51,0,Bronze,0.5491567286340684,-0.5532947556651122,-0.5962196112441985
15537,164,1,93.97,0,Bronze,0.1995629433829011,-0.5532947556651122,-0.969712714611048
15539,8,1,407.9,2,Silver,-0.9146355619521664,-0.5532947556651122,-0.1743887528223227
15540,12,2,314.16,2,Silver,-0.7737769457562178,-0.22963807175534695,-0.31624312098886126
15541,115,1,85.13000000000001,0,Bronze,0.06459168165065898,-0.5532947556651122,-1.022939128538452
15542,513,3,725.06,3,Gold,0.6348192165065734,0.0,0.13840104397877248
15543,289,2,206.81,0,Bronze,0.41558093095004384,-0.22963807175534695,-0.5431185637336864
15544,10,20,6283.95,1,Platinum,-0.8377677575462616,1.3236566839097652,1.3141808557763546
15545,55,2,279.02,2,Silver,-0.2143633221104263,-0.22963807175534695,-0.3806462435114521
15546,607,2,294.3,0,Bronze,0.699153831871766,-0.22963807175534695,-0.35170187126645786
15547,8,25,7636.900000000001,1,Platinum,-0.9146355619521664,1.49413913403724,1.4203930400938343
15548,596,1,107.24,0,Bronze,0.6921601122338841,-0.5532947556651122,-0.8984614752594305
15549,78,8,1822.19,3,Gold,-0.08255575351694985,0.6473133678195304,0.6399821044618177
15550,5,12,1557.65,1,Platinum,-1.0699507790131246,0.9408443783721279,0.554578821776334
15551,37,7,1400.6100000000001,1,Platinum,-0.36289863726587396,0.5532947556651121,0.49672441617055924
15552,218,2,221.32,0,Bronze,0.3080157177742967,-0.22963807175534695,-0.5063496664546724
15553,61,1,298.40000000000003,2,Silver,-0.17537500734875106,-0.5532947556651122,-0.3441901250831654
15554,278,1,197.3,0,Bronze,0.40076854405757495,-0.5532947556651122,-0.5686376043278554
15555,13,36,9171.65,1,Platinum,-0.7453895566792464,1.775773715754242,1.5201434839617185
15556,25,1,209.87,2,Silver,-0.5082638284718078,-0.5532947556651122,-0.5351552275597733
15557,29,1,217.70000000000002,2,Silver,-0.4534484124293297,-0.5532947556651122,-0.515293179511658
15558,640,1,79.48,0,Bronze,0.719400012412493,-0.5532947556651122,-1.0599016892377107
15559,569,1,903.9,3,Gold,0.6744320636632891,-0.5532947556651122,0.25835628315452047
15560,398,2,153.52,0,Bronze,0.5378061364743305,-0.22963807175534695,-0.7045361070655634
15561,12,8,931.14,2,Silver,-0.7737769457562178,0.6473133678195304,0.2745135697916406
15562,425,2,168.06,0,Bronze,0.5628877491973846,-0.22963807175534695,-0.6555443068931509
15563,23,6,1982.43,1,Platinum,-0.5389245444443046,0.44670524433488773,0.685874025436166
15564,464,2,70.74000000000001,0,Bronze,0.5964425762960016,-0.22963807175534695,-1.1225292865274048
15565,51,2,173.16000000000003,2,Silver,-0.24275071118739783,-0.22963807175534695,-0.6393531581749042
15566,393,2,213.37,0,Bronze,0.5329756253286786,-0.22963807175534695,-0.5261873050294033
15567,19,1,59.7,0,Bronze,-0.6087636294902878,-0.5532947556651122,-1.213563987023646
15568,3,3,544.87,2,Silver,-1.2252659960740826,0.0,-0.016997344138201753
15569,132,7,395.93,3,Gold,0.11697780212896233,0.5532947556651121,-0.19057442611648032
15570,8,25,6851.38,1,Platinum,-0.9146355619521664,1.49413913403724,1.361270301297693
15571,12,14,3111.82,1,Platinum,-0.7737769457562178,1.0550725661773155,0.9314054117570948
15572,5,10,3086.2,1,Platinum,-1.0699507790131246,0.8074958608438627,0.9269030891260396
15573,32,5,877.4,2,Silver,-0.4169394232008936,0.32365668390976515,0.242164244175945
15574,178,6,829.32,3,Gold,0.23075902556077962,0.44670524433488773,0.21149830155009555
15575,620,1,30.1,0,Bronze,0.7072578085750622,-0.5532947556651122,-1.5778753646917822
15576,38,1,471.23,2,Silver,-0.3529486114108498,-0.5532947556651122,-0.09594341929356281
15577,152,5,338.68,3,Gold,0.1706394388124024,0.32365668390976515,-0.27542655475246114
15578,163,1,97.1,0,Bronze,0.19723433768540444,-0.5532947556651122,-0.9520476309593251
15579,69,5,985.88,3,Gold,-0.1288871900954514,0.32365668390976515,0.3056014586749501
15580,377,8,1100.94,3,Gold,0.5170954463568579,0.6473133678195304,0.36567888023225936
15581,131,36,3666.68,1,Platinum,0.11408681136792621,1.775773715754242,1.0207651803429996
15582,25,3,584.5300000000001,2,Silver,-0.5082638284718078,0.0,0.021211387375006586
15583,377,1,95.96,0,Bronze,0.5170954463568579,-0.5532947556651122,-0.958415434881122
15584,24,6,1057.6,2,Silver,-0.523287497475313,0.44670524433488773,0.34381974561881645
15585,177,1,385.46,0,Bronze,0.22861305660026304,-0.5532947556651122,-0.20513715031142224
15586,593,3,272.70000000000005,0,Bronze,0.6902303627742525,0.0,-0.3930826192239118
15587,51,2,61.2,0,Bronze,-0.24275071118739783,-0.22963807175534695,-1.2002652913405492
15589,256,2,403.43,0,Bronze,0.36930609922216334,-0.22963807175534695,-0.1803769102591419
15590,383,5,1396.2,3,Gold,0.5231279246933352,0.32365668390976515,0.4950076401529157
15591,583,2,156.70000000000002,0,Bronze,0.6837267352821585,-0.22963807175534695,-0.6934384953754764
15592,47,1,258.26,2,Silver,-0.2734114271598946,-0.5532947556651122,-0.4226101402203331
15593,71,1,199.8,0,Bronze,-0.11809621009893657,-0.5532947556651122,-0.561812456421946
15594,16,5,1488.42,2,Silver,-0.6710172298783336,0.32365668390976515,0.5298278532861976
15596,101,9,1984.67,3,Gold,0.01532422175144424,0.7314158822675506,0.6864889249213058
15597,36,2,535.53,2,Silver,-0.37311402818699907,-0.22963807175534695,-0.02639929501918474
15598,54,2,449.75,2,Silver,-0.22126539096246675,-0.22963807175534695,-0.12130454440399546
15599,27,3,1007.99,2,Silver,-0.47987643939483643,0.0,0.3176718781902287
15600,429,4,870.24,3,Gold,0.5664677234567803,0.17812112660243817,0.2377054764013591
15601,12,30,10596.58,1,Platinum,-0.7737769457562178,1.6345413257422818,1.5988088608478153
15602,23,13,1414.13,1,Platinum,-0.5389245444443046,0.9999999999999998,0.501954171505021
15603,649,1,40.0,0,Bronze,0.7247409046957818,-0.5532947556651122,-1.4273187055807264
15604,53,1,216.39000000000001,0,Bronze,-0.2282941103223884,-0.5532947556651122,-0.5185661687695072
15605,37,9,1508.32,1,Platinum,-0.36289863726587396,0.7314158822675506,0.5370583601858466
15606,62,17,3561.63,1,Platinum,-0.16924600527292027,1.2006081234846424,1.004933835588835
15607,337,9,1176.1200000000001,3,Gold,0.4742514564148769,0.7314158822675506,0.40163329881467047
15608,61,4,1274.8700000000001,3,Gold,-0.17537500734875106,0.17812112660243817,0.44551911774816794
15609,185,1,178.78,0,Bronze,0.2454533269966171,-0.5532947556651122,-0.62205135857207
15610,52,1,112.46000000000001,0,Bronze,-0.23545421519469298,-0.5532947556651122,-0.8728028614503671
15611,10,23,1839.72,1,Platinum,-0.8377677575462616,1.4302461952399896,0.6451951142305381
15612,37,2,145.35,2,Silver,-0.36289863726587396,-0.22963807175534695,-0.7341297245494952
15613,611,1,239.01999999999998,0,Bronze,0.7016656733812224,-0.5532947556651122,-0.46461737711615997
15614,438,4,1455.0,3,Gold,0.5744023917830158,0.17812112660243817,0.5174647938175178
15615,11,46,14517.82,1,Platinum,-0.8044376617287146,1.9667353701789099,1.7703153337000346
15616,439,1,143.76000000000002,0,Bronze,0.5752739608907629,-0.5532947556651122,-0.7400807584547621
15617,397,3,709.5,3,Gold,0.5368448951729259,0.0,0.12659917161241388
15618,33,4,670.551,2,Silver,-0.4055041125939236,0.17812112660243817,0.09588524347034197
15619,11,1,91.8,2,Silver,-0.8044376617287146,-0.5532947556651122,-0.9823048959403614
15620,57,4,1596.64,3,Gold,-0.200921435633751,0.17812112660243817,0.5680388674696681
15621,5,2,61.85,2,Silver,-1.0699507790131246,-0.22963807175534695,-1.194601833422904
15622,44,17,6273.78,1,Platinum,-0.2981331953683717,1.2006081234846424,1.3132986114982295
15623,142,8,1831.67,3,Gold,0.14474752734042295,0.6473133678195304,0.6428074258713087
15624,117,4,502.14000000000004,3,Gold,0.07113978054903715,0.17812112660243817,-0.061403353019032186
15625,104,8,1694.04,3,Gold,0.02642802696550642,0.6473133678195304,0.600278067544863
15626,75,3,849.4,3,Gold,-0.09738551998146396,0.0,0.22451608704097553
15627,458,2,266.42,0,Bronze,0.5914677731577705,-0.22963807175534695,-0.4057280510070106
15628,5,17,4417.72,1,Platinum,-1.0699507790131246,1.2006081234846424,1.1222519445199555
15629,451,3,900.78,3,Gold,0.5855809806743267,0.0,0.256474706592069
15630,46,3,1019.54,2,Silver,-0.281476029400742,0.0,0.3238725579646201
15631,643,1,423.15,0,Bronze,0.7211885967870243,-0.5532947556651122,-0.15444093463692102
15632,16,8,2736.7200000000003,1,Platinum,-0.6710172298783336,0.6473133678195304,0.8614541832810578
15633,510,12,3304.96,3,Gold,0.6325769401081748,0.9408443783721279,0.9641997569278518
15634,18,2,524.65,2,Silver,-0.628411754550284,-0.22963807175534695,-0.037560062776148956
15636,90,4,1251.93,3,Gold,-0.028387389076971702,0.17812112660243817,0.43563497633975196
15637,53,5,605.54,2,Silver,-0.2282941103223884,0.32365668390976515,0.04041652283222345
15638,437,3,421.85,3,Gold,0.5735288350587067,0.0,-0.1561132123001739
15639,135,3,723.8,3,Gold,0.1255221219748964,0.0,0.13745482151811303
15640,5,28,11631.99,1,Platinum,-1.0699507790131246,1.5813058963946443,1.6495925444660917
15641,106,12,3861.94,1,Platinum,0.03365568398640279,0.9408443783721279,1.0490223078748644
15643,192,3,444.15000000000003,3,Gold,0.2596047051701011,0.0,-0.12811509545268115
15644,167,4,785.64,3,Gold,0.20646501223494154,0.17812112660243817,0.18205834716300914
15645,19,3,809.02,2,Silver,-0.6087636294902878,0.0,0.19801387627305805
15646,158,5,541.58,3,Gold,0.185374119150675,0.32365668390976515,-0.02029068621429273
15647,416,1,155.8,0,Bronze,0.5547083396853054,-0.5532947556651122,-0.696556459767146
15648,205,2,495.8,3,Gold,0.28457448533777435,-0.22963807175534695,-0.06831162204750087
15649,388,1,116.6,0,Bronze,0.5280834201646555,-0.5532947556651122,-0.8532788003133425
15650,522,2,471.03000000000003,3,Gold,0.6414683518598984,-0.22963807175534695,-0.09617419310092913
15651,37,5,843.0,2,Silver,-0.36289863726587396,0.32365668390976515,0.22040066667472683
15652,92,5,765.07,3,Gold,-0.020059790287792888,0.32365668390976515,0.16762332495542015
15653,116,1,48.0,0,Bronze,0.06787972293451836,-0.5532947556651122,-1.3302133149453728
15654,10,2,280.11,2,Silver,-0.8377677575462616,-0.22963807175534695,-0.37852977572925584
15655,244,1,486.87,0,Bronze,0.35098924929938485,-0.5532947556651122,-0.07819307404557595
15656,46,4,606.08,2,Silver,-0.281476029400742,0.17812112660243817,0.040901318990377036
15658,191,8,1640.8700000000001,3,Gold,0.25761480740892523,0.6473133678195304,0.5829157765392889
15659,44,3,471.89,2,Silver,-0.2981331953683717,0.0,-0.0951825585829926
15660,26,15,2145.2,1,Platinum,-0.4938072276067984,1.1065895113302244,0.7288411586941398
15661,318,6,485.25,3,Gold,0.45208992017847993,0.44670524433488773,-0.08000504428652896
15662,662,2,131.94,0,Bronze,0.7323263893537192,-0.22963807175534695,-0.7864844121867548
15663,107,1,124.1,0,Bronze,0.0372190069620216,-0.5532947556651122,-0.8195983496387766
15664,51,4,1097.91,3,Gold,-0.24275071118739783,0.17812112660243817,0.36417884809108575
15665,169,5,2712.21,3,Gold,0.2109982539898713,0.32365668390976515,0.8565549994110291
15666,473,2,479.78000000000003,3,Gold,0.6037856981128283,-0.22963807175534695,-0.08616815709215303
15667,40,1,183.96,2,Silver,-0.33379189688341554,-0.5532947556651122,-0.6065766074661251
15669,41,4,468.52,2,Silver,-0.3245612223338783,0.17812112660243817,-0.09907874719046506
15670,297,2,312.45,0,Bronze,0.4260048247108977,-0.22963807175534695,-0.3192070240958129
15671,26,5,933.5300000000001,2,Silver,-0.4938072276067984,0.32365668390976515,0.27590858421002135
15672,726,1,32.550000000000004,0,Bronze,0.7676254273564499,-0.5532947556651122,-1.536565507625556
15673,89,9,4756.02,1,Platinum,-0.032620078083961696,0.7314158822675506,1.1624408244382476
15674,74,12,5244.400000000001,1,Platinum,-0.10245916312994499,0.9408443783721279,1.2156818442631505
15675,82,4,434.51,3,Gold,-0.06363563841494821,0.17812112660243817,-0.14004217774755523
15676,19,3,2617.8,2,Silver,-0.6087636294902878,0.0,0.8372610764561632
15677,50,3,1015.28,2,Silver,-0.2501888955329656,0.0,0.32159376071042917
15678,53,3,1292.5700000000002,3,Gold,-0.2282941103223884,0.0,0.45302479285142144
15679,25,4,608.18,2,Silver,-0.5082638284718078,0.17812112660243817,0.042782546877994966
15680,10,10,3186.55,1,Platinum,-0.8377677575462616,0.8074958608438627,0.9443294252042149
15681,26,13,1840.22,1,Platinum,-0.4938072276067984,0.9999999999999998,0.6453430732368125
15682,600,2,308.15999999999997,0,Bronze,0.6947180813895958,-0.22963807175534695,-0.3267145385915652
15683,118,2,410.44,3,Gold,0.0743723268009127,-0.22963807175534695,-0.17101518596057938
15684,548,3,85.05,0,Bronze,0.6600529963391973,0.0,-1.0234453673298713
15685,451,1,55.980000000000004,0,Bronze,0.5855809806743267,-0.5532947556651122,-1.2480174680089537
15687,9,9,2419.93,1,Platinum,-0.8742767467746977,0.7314158822675506,0.7944610443541288
15688,419,1,172.67,0,Bronze,0.5574542615343264,-0.5532947556651122,-0.6408880488104947
15689,120,3,460.08000000000004,3,Gold,0.08075671555037933,0.0,-0.10896062347084493
15690,5,2,89.16,2,Silver,-1.0699507790131246,-0.22963807175534695,-0.9980275560120149
15691,395,3,332.5,3,Gold,0.5349151457132943,0.0,-0.28542926243428474
15692,29,1,177.12,2,Silver,-0.4534484124293297,-0.5532947556651122,-0.6271049207070527
15694,9,21,3980.15,1,Platinum,-0.8742767467746977,1.360790616508975,1.0654430444866676
15695,267,4,852.61,3,Gold,0.3853602546096233,0.17812112660243817,0.22656857922945772
15696,34,13,3108.55,1,Platinum,-0.3944003073798616,0.9999999999999998,0.9308328266252911
15697,690,1,222.6,0,Bronze,0.7481713732449965,-0.5532947556651122,-0.5032221304577351
15698,625,1,15.0,0,Bronze,0.7103296330370966,-0.5532947556651122,-1.939944017622675
15699,18,1,206.82,2,Silver,-0.628411754550284,-0.5532947556651122,-0.5430923492554092
15700,173,2,599.13,3,Gold,0.21990689871161714,-0.22963807175534695,0.03462861368955988
15701,3,4,1371.84,2,Silver,-1.2252659960740826,0.17812112660243817,0.48542576417374206
15702,477,1,68.42,0,Bronze,0.6070046620774018,-0.5532947556651122,-1.1404379654066539
15703,265,1,211.5,0,Bronze,0.3824909194133723,-0.5532947556651122,-0.5309603646204475
15704,141,6,2973.82,3,Gold,0.14205941485201642,0.44670524433488773,0.9067022445268379
15705,202,1,83.1,0,Bronze,0.2789550037610853,-0.5532947556651122,-1.035932702787508
15706,64,4,883.76,3,Gold,-0.1572745791724231,0.17812112660243817,0.246094450775127
15707,36,4,817.68,2,Silver,-0.37311402818699907,0.17812112660243817,0.20380721596887533
15708,41,9,3526.3900000000003,1,Platinum,-0.3245612223338783,0.7314158822675506,0.9995183161164012
15709,284,2,151.45,0,Bronze,0.4089189463788791,-0.22963807175534695,-0.7118834295167419
15710,418,1,703.85,3,Gold,0.5565411396297061,-0.5532947556651122,0.12224971491514453
15711,557,2,400.35,0,Bronze,0.666281661341985,-0.22963807175534695,-0.18454161726824453
15712,10,11,3023.35,1,Platinum,-0.8377677575462616,0.8769514395748774,0.9156979480372817
15713,144,4,652.5,3,Gold,0.15006781366563385,0.17812112660243817,0.08104149297092444
15714,12,5,543.76,2,Silver,-0.7737769457562178,0.32365668390976515,-0.018106247742224822
15715,556,5,569.72,3,Gold,0.6655945679602779,0.32365668390976515,0.00725493073361736
15716,146,11,2115.19,1,Platinum,0.15531521706095783,0.8769514395748774,0.7211698741256322
15717,235,5,541.7,3,Gold,0.33665289783344715,0.32365668390976515,-0.0201702138165851
15718,541,1,263.79,0,Bronze,0.6551374729685795,-0.5532947556651122,-0.4111122903741924
15719,33,31,9624.85,1,Platinum,-0.4055041125939236,1.6598842669953369,1.546415836940844
15720,25,2,605.57,2,Silver,-0.5082638284718078,-0.22963807175534695,0.04044346727322197
15721,12,1,377.64,2,Silver,-0.7737769457562178,-0.5532947556651122,-0.21627372876190643
15722,36,9,2382.36,1,Platinum,-0.37311402818699907,0.7314158822675506,0.7859404686507693
15723,365,4,703.66,3,Gold,0.5047377792782392,0.17812112660243817,0.12210284476187473
15724,202,3,310.85,3,Gold,0.2789550037610853,0.0,-0.3219949460233777
15725,16,1,379.25,2,Silver,-0.6710172298783336,-0.5532947556651122,-0.21396221861938525
15726,391,1,296.41,0,Bronze,0.5310262345688197,-0.5532947556651122,-0.3478231359791321
15727,17,14,6282.03,1,Platinum,-0.6491224446677566,1.0550725661773155,1.314014405754291
15728,380,2,359.8,0,Bronze,0.5201235606051635,-0.22963807175534695,-0.24256576983776046
15729,213,3,192.55,0,Bronze,0.2991688012708128,0.0,-0.5818457891652974
15730,66,5,1461.28,3,Gold,-0.14566597995919667,0.32365668390976515,0.5198094623844989
15731,554,1,96.5,0,Bronze,0.6642166727421638,-0.5532947556651122,-0.9553898265967903
15732,213,10,1305.38,3,Gold,0.2991688012708128,0.8074958608438627,0.4583930801945613
15733,283,1,162.3,0,Bronze,0.4075725321364264,-0.5532947556651122,-0.6744287996823121
15734,115,4,876.95,3,Gold,0.06459168165065898,0.17812112660243817,0.24188508650639126
15735,422,1,253.7,0,Bronze,0.560180639289994,-0.5532947556651122,-0.432277213796534
15736,436,2,1260.1100000000001,3,Gold,0.5726532816315767,-0.22963807175534695,0.4391800948581794
15737,15,8,983.83,1,Platinum,-0.6942397615052628,0.6473133678195304,0.30446864343147995
15738,19,41,7585.14,1,Platinum,-0.6087636294902878,1.8769514395748776,1.4166886720369807
15739,67,1,77.6,0,Bronze,-0.1399909953095136,-0.5532947556651122,-1.0727785675772366
15740,50,1,110.48,0,Bronze,-0.2501888955329656,-0.5532947556651122,-0.882393727429761
15741,459,2,195.87,0,Bronze,0.5923014066915729,-0.22963807175534695,-0.5725803800354597
15742,620,1,109.27,0,Bronze,0.7072578085750622,-0.5532947556651122,-0.8883390326870668
15743,17,4,727.76,2,Silver,-0.6491224446677566,0.17812112660243817,0.14042314619808005
15745,20,4,878.34,2,Silver,-0.5900743396182883,0.17812112660243817,0.24274691244112398
15746,135,1,182.96,0,Bronze,0.1255221219748964,-0.5532947556651122,-0.6095299714174143
15747,13,9,1672.81,1,Platinum,-0.7453895566792464,0.7314158822675506,0.5934117770228702
15748,41,3,194.01,2,Silver,-0.3245612223338783,0.0,-0.5777518167218613
15750,3,18,5225.781,1,Platinum,-1.2252659960740826,1.2437665043036517,1.2137446740810662
15751,461,10,1109.8700000000001,3,Gold,0.5939632507627625,0.8074958608438627,0.3700758937121654
15752,40,9,3711.9700000000003,1,Platinum,-0.33379189688341554,0.7314158822675506,1.0274511017428478
15754,52,7,1593.5700000000002,3,Gold,-0.23545421519469298,0.5532947556651121,0.5669910270150144
15755,11,17,4819.1,1,Platinum,-0.8044376617287146,1.2006081234846424,1.1696172988686866
15756,62,4,495.36,2,Silver,-0.16924600527292027,0.17812112660243817,-0.06879432681808471
15757,66,6,2372.13,3,Gold,-0.14566597995919667,0.44670524433488773,0.7835971150783984
15758,25,1,205.25,2,Silver,-0.5082638284718078,-0.5532947556651122,-0.5472235478531868
15759,219,6,512.49,3,Gold,0.30976084360635325,0.44670524433488773,-0.050310569452306386
15761,443,1,37.95,0,Bronze,0.578740540727189,-0.5532947556651122,-1.455262070567745
15762,66,2,536.65,2,Silver,-0.14566597995919667,-0.22963807175534695,-0.025263266526858428
15763,32,2,734.27,2,Silver,-0.4169394232008936,-0.22963807175534695,0.14526801455164523
15764,89,8,3476.9300000000003,1,Platinum,-0.032620078083961696,0.6473133678195304,0.9918255690032386
15765,667,1,192.78,0,Bronze,0.7352043477269815,-0.5532947556651122,-0.5811988032040949
15766,65,3,374.1,2,Silver,-0.1514263059164838,0.0,-0.2213909359095392
15768,116,33,9143.98,1,Platinum,0.06787972293451836,1.7082769983747197,1.518497641309385
15769,236,2,71.28,0,Bronze,0.3382725808284183,-0.22963807175534695,-1.1184440134277147
15770,613,1,283.2,0,Bronze,0.7029154443351987,-0.5532947556651122,-0.37257419326305913
15771,613,2,488.65,3,Gold,0.7029154443351987,-0.22963807175534695,-0.07620906825017125
15772,419,1,231.0,0,Bronze,0.5574542615343264,-0.5532947556651122,-0.4831315310648884
15773,6,2,216.34,2,Silver,-1.0109026739636562,-0.22963807175534695,-0.5186914824544647
15774,69,6,974.0400000000001,3,Gold,-0.1288871900954514,0.44670524433488773,0.2990260343147135
15775,246,1,104.9,0,Bronze,0.35410353033640096,-0.5532947556651122,-0.9103679570483966
15776,134,1,179.43,0,Bronze,0.12269513897699648,-0.5532947556651122,-0.6200852560125171
15777,242,5,517.65,3,Gold,0.3478494410839376,0.32365668390976515,-0.044863501207156826
15778,432,1,266.85,0,Bronze,0.5691309169718763,-0.5532947556651122,-0.40485277756413823
15779,464,2,85.83000000000001,0,Bronze,0.5964425762960016,-0.22963807175534695,-1.0185294915326644
15780,184,3,423.38000000000005,3,Gold,0.24338833839679566,0.0,-0.1541456038306614
15781,26,3,277.95,2,Silver,-0.4938072276067984,0.0,-0.3827319054425598
15782,10,4,896.02,2,Silver,-0.8377677575462616,0.17812112660243817,0.25359151705395344
15783,11,1,197.82,2,Silver,-0.8044376617287146,-0.5532947556651122,-0.5672109132741818
15784,468,2,668.08,3,Gold,0.5997235767200496,-0.22963807175534695,0.09387701978208957
15785,33,16,2433.7400000000002,1,Platinum,-0.4055041125939236,1.1549822427096075,0.797559846098918
15786,47,5,5955.93,1,Platinum,-0.2734114271598946,0.32365668390976515,1.2849794149261733
15787,27,3,815.9,2,Silver,-0.47987643939483643,0.0,0.20262145680867913
15788,509,1,143.23000000000002,0,Bronze,0.6318265883352391,-0.5532947556651122,-0.7420789708442967
15789,359,6,1217.37,3,Gold,0.4984061564848583,0.44670524433488773,0.4203970916001248
15790,11,1,193.68,2,Silver,-0.8044376617287146,-0.5532947556651122,-0.5786744792610276
15791,44,5,2720.31,1,Platinum,-0.2981331953683717,0.32365668390976515,0.8581789479206816
15792,400,2,840.24,3,Gold,0.539721412752482,-0.22963807175534695,0.2186162518712506
15793,379,5,191.4,0,Bronze,0.5191168466023309,0.32365668390976515,-0.5850922949890294
15794,738,1,178.8,0,Bronze,0.7738965817337441,-0.5532947556651122,-0.621990757183697
15795,150,8,1615.74,3,Gold,0.16559917586154602,0.6473133678195304,0.5745131160071801
15796,2,17,4320.7300000000005,1,Platinum,-1.3354638962975345,1.2006081234846424,1.1101610314359758
15798,493,3,1170.66,3,Gold,0.6196166476208109,0.0,0.39910050876892067
15799,76,4,1162.42,3,Gold,-0.09237820086701533,0.17812112660243817,0.3952556945803161
15800,108,7,972.52,3,Gold,0.04074948778409843,0.5532947556651121,0.298176114412958
15801,47,3,960.47,2,Silver,-0.2734114271598946,0.0,0.29139092396436334
15803,52,4,933.5,3,Gold,-0.23545421519469298,0.17812112660243817,0.27589109568880155
15804,1,13,3238.2200000000003,1,Platinum,-1.4907791133584927,0.9999999999999998,0.9530894062676285
15805,24,28,7872.66,1,Platinum,-0.523287497475313,1.5813058963946443,1.4369544076955043
15806,47,3,323.1,2,Silver,-0.2734114271598946,0.0,-0.3010048248460155
15807,51,5,1325.98,3,Gold,-0.24275071118739783,0.32365668390976515,0.4669165014038191
15808,307,21,13275.76,1,Platinum,0.43864803370180433,1.360790616508975,1.7215956727660142
15809,37,7,678.08,2,Silver,-0.36289863726587396,0.5532947556651121,0.1019589413887078
15810,79,8,2588.73,1,Platinum,-0.07773739492146804,0.6473133678195304,0.831179971806804
15811,23,7,2938.13,1,Platinum,-0.5389245444443046,0.5532947556651121,0.900126843005152
15812,108,9,679.3000000000001,3,Gold,0.04074948778409843,0.7314158822675506,0.10293677998910136
15813,208,2,443.76,3,Gold,0.290112718546357,-0.22963807175534695,-0.12859258806178803
15814,17,6,1162.72,2,Silver,-0.6491224446677566,0.44670524433488773,0.3953961527005576
15815,64,3,454.14,2,Silver,-0.1572745791724231,0.0,-0.11602446370357651
15816,543,2,93.3,0,Bronze,0.656548356543716,-0.22963807175534695,-0.9735696551231291
15817,421,3,2144.5,3,Gold,0.559274001097281,0.0,0.728663446678141
15818,589,1,123.5,0,Bronze,0.6876421471328317,-0.5532947556651122,-0.8222174709346547
15819,50,10,3436.37,1,Platinum,-0.2501888955329656,0.8074958608438627,0.9854349929609727
15820,320,1,116.98,0,Bronze,0.45448401833177093,-0.5532947556651122,-0.8515213070794059
15821,45,2,480.36,2,Silver,-0.28971407717663195,-0.22963807175534695,-0.0855113499272956
15822,4,6,1196.74,2,Silver,-1.1397898640591078,0.44670524433488773,0.41109370248741745
15823,732,1,2701.42,3,Gold,0.7707738378829085,-0.5532947556651122,0.854384192778213
15824,454,2,446.1,3,Gold,0.5881149775068232,-0.22963807175534695,-0.12573389008927796
15825,173,1,187.92000000000002,0,Bronze,0.21990689871161714,-0.5532947556651122,-0.5950360364263808
15826,57,4,1419.49,3,Gold,-0.200921435633751,0.17812112660243817,0.5040136885091868
15827,74,28,2338.96,1,Platinum,-0.10245916312994499,1.5813058963946443,0.7759288871202485
15828,376,1,983.47,3,Gold,0.5160807319685239,-0.5532947556651122,0.30426946664067955
15829,100,2,344.06,2,Silver,0.011550255681379957,-0.22963807175534695,-0.2668657691632053
15830,38,1,504.06,2,Silver,-0.3529486114108498,-0.5532947556651122,-0.05932842437297242
15831,59,3,330.57,2,Silver,-0.18793529514491986,0.0,-0.2885910979681917
15832,255,1,826.71,3,Gold,0.36781270763237706,-0.5532947556651122,0.2097831733499948
15833,738,1,80.4,0,Bronze,0.7738965817337441,-0.5532947556651122,-1.0537094544721317
15834,71,6,2947.64,1,Platinum,-0.11809621009893657,0.44670524433488773,0.9018867031828671
15835,45,4,808.51,2,Silver,-0.28971407717663195,0.17812112660243817,0.19767076949381618
15836,51,1,66.97,0,Bronze,-0.24275071118739783,-0.5532947556651122,-1.1519374164849188
15837,65,2,644.45,2,Silver,-0.1514263059164838,-0.22963807175534695,0.07428910928328245
15838,122,2,120.0,0,Bronze,0.08703643746195228,-0.22963807175534695,-0.8377518564931968
15839,34,3,1019.33,2,Silver,-0.3944003073798616,0.0,0.3237604459748818
15840,59,2,272.52,2,Silver,-0.18793529514491986,-0.22963807175534695,-0.3934410115194242
15841,73,8,971.81,3,Gold,-0.10760091090258887,0.6473133678195304,0.29777865755301264
15842,394,2,432.40000000000003,3,Gold,0.533946613066845,-0.22963807175534695,-0.14268797535528535
15843,304,1,80.7,0,Bronze,0.43489869423225624,-0.5532947556651122,-1.0517053706171222
15844,47,1,101.88,0,Bronze,-0.2734114271598946,-0.5532947556651122,-0.9261294172004372
15845,18,11,3119.53,1,Platinum,-0.628411754550284,0.8769514395748774,0.9327530744076554
15846,386,1,107.01,0,Bronze,0.5261089082793118,-0.5532947556651122,-0.8996203059525675
15847,39,5,633.7,2,Silver,-0.3432505122058779,0.32365668390976515,0.06513942901014874
15848,622,1,121.04,0,Bronze,0.7084894959950994,-0.5532947556651122,-0.8330894907460735
15850,20,6,751.5699999999999,2,Silver,-0.5900743396182883,0.44670524433488773,0.15793745843231036
15851,527,1,74.93,0,Bronze,0.6451130459367462,-0.5532947556651122,-1.091605943136536
15852,187,3,127.56,0,Bronze,0.24955020516807794,0.0,-0.804735600301989
15853,52,1,89.8,0,Bronze,-0.23545421519469298,-0.5532947556651122,-0.9941741275301745
15854,5,20,3012.07,1,Platinum,-1.0699507790131246,1.3236566839097652,0.9136622829806592
15855,137,6,779.84,3,Gold,0.1311142571687362,0.44670524433488773,0.17802675981804666
15856,5,50,11726.66,1,Platinum,-1.0699507790131246,2.031933682284485,1.654008024627664
15857,19,2,185.10000000000002,2,Silver,-0.6087636294902878,-0.22963807175534695,-0.603229187644813
15858,16,13,2459.66,1,Platinum,-0.6710172298783336,0.9999999999999998,0.8033288253644494
15859,433,1,271.7,0,Bronze,0.5700145493304952,-0.5532947556651122,-0.39507667774680877
15860,41,17,2033.14,1,Platinum,-0.3245612223338783,1.2006081234846424,0.6996271484974689
15861,13,11,3779.66,1,Platinum,-0.7453895566792464,0.8769514395748774,1.0372933017588757
15862,9,13,1996.3700000000001,1,Platinum,-0.8742767467746977,0.9999999999999998,0.6896894449468326
15863,26,5,304.0,2,Silver,-0.4938072276067984,0.32365668390976515,-0.3340947117368821
15864,67,4,216.60000000000002,2,Silver,-0.1399909953095136,0.17812112660243817,-0.5180401658419331
15865,41,5,1527.79,3,Gold,-0.3245612223338783,0.32365668390976515,0.5440409496506076
15866,102,1,156.99,0,Bronze,0.019061368053364374,-0.5532947556651122,-0.6924376075633729
15867,6,31,7130.86,1,Platinum,-1.0109026739636562,1.6598842669953369,1.3830482917391547
15868,584,1,84.45,0,Bronze,0.6843820895183133,-0.5532947556651122,-1.0272572278748038
15869,278,3,259.97,0,Bronze,0.40076854405757495,0.0,-0.4190287603568058
15870,33,4,657.66,2,Silver,-0.4055041125939236,0.17812112660243817,0.08532612225419713
15871,438,1,23.15,0,Bronze,0.5744023917830158,-0.5532947556651122,-1.7156620297238563
15872,15,4,650.6,2,Silver,-0.6942397615052628,0.17812112660243817,0.0794552919538934
15874,64,19,4543.7300000000005,1,Platinum,-0.1572745791724231,1.2847106379326625,1.1375701019988549
15875,647,1,108.52,0,Bronze,0.7235604585917994,-0.5532947556651122,-0.8920569790998337
15876,410,1,83.4,0,Bronze,0.5491567286340684,-0.5532947556651122,-1.033992844903213
15877,2,2,413.93,2,Silver,-1.3354638962975345,-0.22963807175534695,-0.16641366322172035
15878,562,2,290.06,0,Bronze,0.6696987621254669,-0.22963807175534695,-0.359580619014003
15879,405,3,847.49,3,Gold,0.5444681210454952,0.0,0.22329114258594437
15880,370,1,262.18,0,Bronze,0.5099353414845531,-0.5532947556651122,-0.4144347987319623
15881,313,4,224.14000000000001,0,Bronze,0.4460383810872603,0.17812112660243817,-0.4994829558303718
15882,199,7,738.6800000000001,3,Gold,0.2732518543779168,0.5532947556651121,0.14852571157713573
15883,3,2,348.28000000000003,2,Silver,-1.2252659960740826,-0.22963807175534695,-0.26024369989492924
15884,433,2,75.45,0,Bronze,0.5700145493304952,-0.22963807175534695,-1.087887808035344
15885,94,11,921.57,3,Gold,-0.011909387966489077,0.8769514395748774,0.2688916080689201
15886,61,4,601.35,2,Silver,-0.17537500734875106,0.17812112660243817,0.03664013071124659
15887,461,2,594.05,3,Gold,0.5939632507627625,-0.22963807175534695,0.029997546132738015
15888,81,3,230.81,2,Silver,-0.06827877959900555,0.0,-0.4835778667628276
15889,157,8,1169.2,3,Gold,0.18295736376746013,0.6473133678195304,0.39842124243689525
15890,395,4,180.55,0,Bronze,0.5349151457132943,0.17812112660243817,-0.6167140682732979
15891,227,1,395.65,0,Bronze,0.3234428143639042,-0.5532947556651122,-0.19095885449620165
15892,670,1,102.7,0,Bronze,0.7369208007451024,-0.5532947556651122,-0.921804518236547
15894,254,2,258.25,0,Bronze,0.3663134710508291,-0.22963807175534695,-0.422631153361074
15895,150,1,21.85,0,Bronze,0.16559917586154602,-0.5532947556651122,-1.7458062732481123
15897,195,2,90.53,0,Bronze,0.2655131172844096,-0.22963807175534695,-0.9898118312922701
15898,2,25,4273.33,1,Platinum,-1.3354638962975345,1.49413913403724,1.1041530108627036
15899,369,1,43.5,0,Bronze,0.5089014556812056,-0.5532947556651122,-1.3826922085085862
15900,24,4,647.15,2,Silver,-0.523287497475313,0.17812112660243817,0.0765632246551399
15901,17,6,542.08,2,Silver,-0.6491224446677566,0.44670524433488773,-0.019788893554776442
15902,381,1,114.35,0,Bronze,0.5211276357740323,-0.5532947556651122,-0.8638028142617241
15903,27,2,106.44,2,Silver,-0.47987643939483643,-0.22963807175534695,-0.9025028601155581
15904,9,1,144.73,2,Silver,-0.8742767467746977,-0.5532947556651122,-0.7364425274736104
15905,544,1,104.19,0,Bronze,0.6572518543678934,-0.5532947556651122,-0.9140326739612089
15906,20,10,2001.8400000000001,1,Platinum,-0.5900743396182883,0.8074958608438627,0.6911793305093994
15907,4,3,835.96,2,Silver,-1.1397898640591078,0.0,0.21583750427673057
15908,513,1,163.39,0,Bronze,0.6348192165065734,-0.5532947556651122,-0.6708045924957833
15909,174,1,69.54,0,Bronze,0.22210205920393347,-0.5532947556651122,-1.1317188692891966
15910,1,15,2401.26,1,Platinum,-1.4907791133584927,1.1065895113302244,0.7902434945231104
15911,624,8,1554.69,3,Gold,0.7097172356922766,0.6473133678195304,0.5535432649784319
15912,179,9,659.39,3,Gold,0.2328930392004483,0.7314158822675506,0.08675512544917326
15913,535,1,6.300000000000001,0,Bronze,0.6508733718940333,-0.5532947556651122,-2.3674377168955987
15914,379,2,53.230000000000004,0,Bronze,0.5191168466023309,-0.22963807175534695,-1.2749654037022808
15915,402,1,262.1,0,Bronze,0.5416271602535235,-0.5532947556651122,-0.41460042195440183
15916,17,12,2224.47,1,Platinum,-0.6491224446677566,0.9408443783721279,0.7485998054603622
15917,248,5,416.77,3,Gold,0.35719269593041963,0.32365668390976515,-0.16269763019472028
15918,191,3,582.88,3,Gold,0.25761480740892523,0.0,0.0196740629227453
15919,20,2,437.19,2,Silver,-0.5900743396182883,-0.22963807175534695,-0.13670005861728007
15920,155,8,416.99,3,Gold,0.17807762315797018,0.6473133678195304,-0.16241082354588518
15921,173,4,481.03000000000003,3,Gold,0.21990689871161714,0.17812112660243817,-0.08475360882641406
15922,374,1,223.4,0,Bronze,0.5140432034538499,-0.5532947556651122,-0.5012764991746247
15923,373,1,86.25,0,Bronze,0.5130203605027174,-0.5532947556651122,-1.0159007410770757
15924,732,1,77.75,0,Bronze,0.7707738378829085,-0.5532947556651122,-1.0717399091497108
15925,195,1,168.9,0,Bronze,0.2655131172844096,-0.5532947556651122,-0.6528442070101956
15926,543,1,72.03999999999999,0,Bronze,0.656548356543716,-0.5532947556651122,-1.1127457795746647
15927,648,1,93.10000000000001,0,Bronze,0.724151136361268,-0.5532947556651122,-0.9747262928829077
15928,657,1,109.03,0,Bronze,0.7294266445629143,-0.5532947556651122,-0.8895260171171746
15930,68,1,426.63,2,Silver,-0.13439886011567378,-0.5532947556651122,-0.14998947614885677
15931,429,1,199.95,0,Bronze,0.5664677234567803,-0.5532947556651122,-0.5614056540282721
15932,5,8,1312.65,1,Platinum,-1.0699507790131246,0.6473133678195304,0.4614163532065007
15933,22,3,975.89,2,Silver,-0.555227194461042,0.0,0.3000586904398516
15934,418,2,408.54,0,Bronze,0.5565411396297061,-0.22963807175534695,-0.1735367494344069
15935,240,1,108.03999999999999,0,Bronze,0.34468368374608005,-0.5532947556651122,-0.894449850502832
15936,380,2,215.29000000000002,0,Bronze,0.5201235606051635,-0.22963807175534695,-0.5213297505963727
15937,65,1,145.35000000000002,0,Bronze,-0.1514263059164838,-0.5532947556651122,-0.7341297245494952
15938,113,8,544.51,3,Gold,0.05792969707949422,0.6473133678195304,-0.017356741290412682
15939,90,10,1535.74,3,Gold,-0.028387389076971702,0.8074958608438627,0.5468665493622518
15941,638,1,405.0,0,Bronze,0.7182029662583425,-0.5532947556651122,-0.17826617972623726
15942,134,1,167.9,0,Bronze,0.12269513897699648,-0.5532947556651122,-0.6560601324070954
15943,650,2,181.74,0,Bronze,0.7253297663914531,-0.22963807175534695,-0.6131548931085468
15944,277,4,702.5,3,Gold,0.39939312262434723,0.17812112660243817,0.12120530398242921
15945,366,4,384.44,3,Gold,0.5057829489787685,0.17812112660243817,-0.20657690164512985
15946,503,2,185.2,0,Bronze,0.6272933465803097,-0.22963807175534695,-0.6029365332299246
15947,83,1,412.24,2,Silver,-0.05904810504946846,-0.5532947556651122,-0.16863705460881753
15948,9,3,1409.79,2,Silver,-0.8742767467746977,0.0,0.5002808541563429
15949,17,2,280.0,2,Silver,-0.6491224446677566,-0.22963807175534695,-0.3787429915787816
15950,32,10,5595.37,1,Platinum,-0.4169394232008936,0.8074958608438627,1.2509651840185667
15951,9,3,861.52,2,Silver,-0.8742767467746977,0.0,0.23222549261105238
15952,34,4,619.46,2,Silver,-0.3944003073798616,0.17812112660243817,0.05277774497515459
15953,16,17,1363.95,1,Platinum,-0.6710172298783336,1.2006081234846424,0.4822857892586364
15954,590,1,190.75,0,Bronze,0.6882908423896368,-0.5532947556651122,-0.5869358709623524
15955,25,22,6829.7,1,Platinum,-0.5082638284718078,1.3962735958823376,1.3595439710459578
15956,552,1,219.95,0,Bronze,0.6628338031622965,-0.5532947556651122,-0.5097171207977093
15957,32,3,802.05,2,Silver,-0.4169394232008936,0.0,0.1933059421998738
15958,75,4,451.37,3,Gold,-0.09738551998146396,0.17812112660243817,-0.11935012337796608
15959,683,2,431.94,0,Bronze,0.744271148709272,-0.22963807175534695,-0.14326649433501243
15960,375,4,282.75,3,Gold,0.515063322452488,0.17812112660243817,-0.37343747113046183
15961,380,1,247.97,0,Bronze,0.5201235606051635,-0.5532947556651122,-0.44467303722205864
15962,450,1,278.98,0,Bronze,0.5847325762132254,-0.5532947556651122,-0.3807240686801863
15963,20,2,381.26,2,Silver,-0.5900743396182883,-0.22963807175534695,-0.21109011816561843
15964,664,1,269.21000000000004,0,Bronze,0.7334801687127572,-0.5532947556651122,-0.4000738308666155
15965,18,12,2336.77,1,Platinum,-0.628411754550284,0.9408443783721279,0.7754187850314851
15966,451,1,307.73,0,Bronze,0.5855809806743267,-0.5532947556651122,-0.32747277645043393
15967,24,12,2670.05,1,Platinum,-0.523287497475313,0.9408443783721279,0.8480233782861621
15968,389,1,316.4,0,Bronze,0.5290668724573551,-0.5532947556651122,-0.3123848190269703
15969,3,5,667.2,2,Silver,-1.2252659960740826,0.32365668390976515,0.0931600373882947
15970,304,2,496.82,3,Gold,0.43489869423225624,-0.22963807175534695,-0.06719426687946622
15971,53,8,332.45,2,Silver,-0.2282941103223884,0.6473133678195304,-0.28551094414674183
15972,457,4,1252.73,3,Gold,0.5906323214468823,0.17812112660243817,0.43598270675310485
15973,367,2,165.1,0,Bronze,0.506825274676598,-0.22963807175534695,-0.6651670507758844
15974,40,7,2325.75,1,Platinum,-0.33379189688341554,0.5532947556651121,0.7728446960897135
15975,85,1,352.29,0,Bronze,-0.05003464312701457,-0.5532947556651122,-0.2540248855274188
15976,166,6,1443.1,3,Gold,0.20417811315816187,0.44670524433488773,0.5129940011351812
15977,18,2,523.76,2,Silver,-0.628411754550284,-0.22963807175534695,-0.038483227857239864
15978,78,3,1546.42,3,Gold,-0.08255575351694985,0.0,0.5506395266792158
15979,603,1,153.54,0,Bronze,0.696625410430366,-0.5532947556651122,-0.7044655995678639
15980,89,6,1263.44,3,Gold,-0.032620078083961696,0.44670524433488773,0.4406166973656655
15981,25,21,6745.99,1,Platinum,-0.5082638284718078,1.360790616508975,1.352826511469509
15982,606,1,301.81,0,Bronze,0.6985232894123563,-0.5532947556651122,-0.33802049445715837
15983,23,8,1975.14,1,Platinum,-0.5389245444443046,0.6473133678195304,0.683868038502712
15984,3,25,4824.1,1,Platinum,-1.2252659960740826,1.49413913403724,1.170182114765727
15985,124,7,1296.88,3,Gold,0.09321486910848205,0.5532947556651121,0.4548368961153469
15986,31,2,298.5,2,Silver,-0.42872664422085277,-0.22963807175534695,-0.34400819949115485
15987,13,6,793.35,2,Silver,-0.7453895566792464,0.44670524433488773,0.18737179967904488
15988,20,3,608.3100000000001,2,Silver,-0.5900743396182883,0.0,0.04289879059554148
15989,376,2,283.16,0,Bronze,0.5160807319685239,-0.22963807175534695,-0.372650873702374
15990,45,7,1652.22,1,Platinum,-0.28971407717663195,0.5532947556651121,0.5866687751521318
15991,535,1,79.6,0,Bronze,0.6508733718940333,-0.5532947556651122,-1.059090003693642
15992,4,3,866.53,2,Silver,-1.1397898640591078,0.0,0.23538070349206625
15993,9,7,2362.18,1,Platinum,-0.8742767467746977,0.5532947556651121,0.7813081893250915
15994,55,3,913.5,2,Silver,-0.2143633221104263,0.0,0.26410532115140367
15995,415,1,535.14,0,Bronze,0.553788640665832,-0.5532947556651122,-0.026795433103861007
15996,89,7,1194.1100000000001,3,Gold,-0.032620078083961696,0.5532947556651121,0.4098961665525233
15998,37,16,7333.56,1,Platinum,-0.36289863726587396,1.1549822427096075,1.398315836745183
16001,382,1,459.04,0,Bronze,0.5221290859067854,-0.5532947556651122,-0.1101907942806666
16002,626,1,156.46,0,Bronze,0.7109410528917252,-0.5532947556651122,-0.6942682092257426
16003,30,10,3358.92,1,Platinum,-0.44088812463316107,0.8074958608438627,0.9730198271368012
16004,475,5,1593.14,3,Gold,0.6053985613697327,0.32365668390976515,0.566844100038957
16005,13,10,2234.39,1,Platinum,-0.7453895566792464,0.8074958608438627,0.7510227412243369
16006,212,2,325.86,0,Bronze,0.2973746319129746,-0.22963807175534695,-0.29638521298877785
16007,48,7,2719.89,1,Platinum,-0.2655131172844102,0.5532947556651121,0.8580948620744635
16008,24,15,3972.21,1,Platinum,-0.523287497475313,1.1065895113302244,1.064355458733059
16009,23,3,710.1,2,Silver,-0.5389245444443046,0.0,0.12705902772881358
16010,246,11,1694.86,3,Gold,0.35410353033640096,0.8769514395748774,0.6005415471381761
16011,9,29,4706.4,1,Platinum,-0.8742767467746977,1.608367321842428,1.1567284740270136
16012,36,5,2202.41,1,Platinum,-0.37311402818699907,0.32365668390976515,0.7431727620890957
16013,8,8,1189.95,1,Platinum,-0.9146355619521664,0.6473133678195304,0.40799657374604253
16014,38,5,1045.48,2,Silver,-0.3529486114108498,0.32365668390976515,0.33754657760360623
16015,4,3,583.35,2,Silver,-1.1397898640591078,0.0,0.02011240951291101
16016,4,11,1766.45,1,Platinum,-1.1397898640591078,0.8769514395748774,0.6230668671364556
16017,48,5,1297.73,3,Gold,-0.2655131172844102,0.32365668390976515,0.45519356097431424
16018,40,4,421.67,2,Silver,-0.33379189688341554,0.17812112660243817,-0.15634516355838152
16019,47,26,8585.95,1,Platinum,-0.2734114271598946,1.5242648073944076,1.4841977235011767
16020,17,3,692.09,2,Silver,-0.6491224446677566,0.0,0.11308377215276134
16021,396,2,425.4,0,Bronze,0.5358812356518636,-0.22963807175534695,-0.15155868370589143
16022,261,1,557.23,0,Bronze,0.3766869529595871,-0.5532947556651122,-0.004799690146017064
16023,47,3,530.71,2,Silver,-0.2734114271598946,0.0,-0.03131549176999553
16024,13,3,269.73,2,Silver,-0.7453895566792464,0.0,-0.39902645518365715
16025,30,1,371.98,2,Silver,-0.44088812463316107,-0.5532947556651122,-0.22447865004130554
16026,44,1,220.49,2,Silver,-0.2981331953683717,-0.5532947556651122,-0.5083873166055557
16027,138,6,290.05,3,Gold,0.13388000533993724,0.44670524433488773,-0.3595993363073072
16028,596,1,82.2,0,Bronze,0.6921601122338841,-0.5532947556651122,-1.041794069099073
16029,81,18,1305.15,1,Platinum,-0.06827877959900555,1.2437665043036517,0.45829715898273005
16030,310,1,255.7,0,Bronze,0.4423610300520978,-0.5532947556651122,-0.42801613473810884
16031,93,2,385.54,2,Silver,-0.015962912116332044,-0.22963807175534695,-0.20502438939402845
16032,457,6,1754.88,3,Gold,0.5906323214468823,0.44670524433488773,0.619488954728827
16033,6,27,9327.81,1,Platinum,-1.0109026739636562,1.553294755665112,1.529339976410204
16034,197,5,617.59,3,Gold,0.2694020284288844,0.32365668390976515,0.0511333686699674
16035,561,1,115.33,0,Bronze,0.6690177762437174,-0.5532947556651122,-0.8591940103871877
16036,88,4,1813.8600000000001,3,Gold,-0.036900060684146946,0.17812112660243817,0.6374873649658828
16037,270,5,1052.72,3,Gold,0.38962435568416953,0.32365668390976515,0.34130259623880493
16038,8,3,370.78000000000003,2,Silver,-0.9146355619521664,0.0,-0.2262342007743887
16039,424,2,368.24,0,Bronze,0.5619875032892562,-0.22963807175534695,-0.22996888247533476
16040,66,7,1841.45,3,Gold,-0.14566597995919667,0.5532947556651121,0.6457068814642412
16042,23,8,1726.8600000000001,1,Platinum,-0.5389245444443046,0.6473133678195304,0.6107254088015046
16043,38,7,1082.64,3,Gold,-0.3529486114108498,0.5532947556651121,0.356555775988377
16044,436,1,310.84000000000003,0,Bronze,0.5726532816315767,-0.5532947556651122,-0.3220124154771214
16045,120,8,1932.48,3,Gold,0.08075671555037933,0.6473133678195304,0.6719788655128797
16046,563,1,161.83,0,Bronze,0.6703785395134462,-0.5532947556651122,-0.6759990016383406
16048,374,4,569.19,3,Gold,0.5140432034538499,0.17812112660243817,0.006748788450207713
16049,41,6,1576.45,3,Gold,-0.3245612223338783,0.44670524433488773,0.5611104469639331
16050,174,3,253.3,0,Bronze,0.22210205920393347,0.0,-0.433133443725585
16051,682,1,188.44,0,Bronze,0.7437107178008219,-0.5532947556651122,-0.5935386065074107
16052,55,1,232.98,0,Bronze,-0.2143633221104263,-0.5532947556651122,-0.47850187602139027
16053,33,6,2389.35,1,Platinum,-0.4055041125939236,0.44670524433488773,0.7875358685478075
16054,146,4,1301.33,3,Gold,0.15531521706095783,0.17812112660243817,0.4567015580993759
16055,221,1,93.9,0,Bronze,0.31322742344277893,-0.5532947556651122,-0.9701144034965242
16056,46,1,484.02000000000004,2,Silver,-0.281476029400742,-0.5532947556651122,-0.08138483581693468
16057,17,10,3321.4500000000003,1,Platinum,-0.6491224446677566,0.8074958608438627,0.9669103248452109
16058,407,1,62.7,0,Bronze,0.5463504563202642,-0.5532947556651122,-1.1872835131242376
16059,66,12,2802.17,1,Platinum,-0.14566597995919667,0.9408443783721279,0.8743247724635748
16060,431,2,289.15000000000003,0,Bronze,0.5682452415308415,-0.22963807175534695,-0.36128653160700064
16061,432,1,29.75,0,Bronze,0.5691309169718763,-0.5532947556651122,-1.5840410461269232
16062,10,8,1948.01,1,Platinum,-0.8377677575462616,0.6473133678195304,0.6763371094240691
16063,261,1,274.6,0,Bronze,0.3766869529595871,-0.5532947556651122,-0.3893138995063669
16064,726,1,109.31,0,Bronze,0.7676254273564499,-0.5532947556651122,-0.8881414531472406
16065,366,7,1722.93,3,Gold,0.5057829489787685,0.5532947556651121,0.6094849096324739
16066,17,5,1201.7,2,Silver,-0.6491224446677566,0.32365668390976515,0.41334503449274484
16067,563,3,1618.98,3,Gold,0.6703785395134462,0.0,0.5756037728532735
16068,594,1,105.78,0,Bronze,0.6908746933847075,-0.5532947556651122,-0.9058597214412729
16069,418,1,416.0,0,Bronze,0.5565411396297061,-0.5532947556651122,-0.16370264421710698
16070,23,2,418.23,2,Silver,-0.5389245444443046,-0.22963807175534695,-0.16079709487859323
16071,45,4,996.38,2,Silver,-0.28971407717663195,0.17812112660243817,0.311367037060931
16072,289,4,3118.82,3,Gold,0.41558093095004384,0.17812112660243817,0.9326291098577123
16074,391,1,185.15,0,Bronze,0.5310262345688197,-0.5532947556651122,-0.6030828407855814
16075,503,2,591.53,3,Gold,0.6272933465803097,-0.22963807175534695,0.027685553619148928
16076,4,9,1731.3300000000002,1,Platinum,-1.1397898640591078,0.7314158822675506,0.612132933174549
16078,284,2,357.95000000000005,0,Bronze,0.4089189463788791,-0.22963807175534695,-0.24536629266616145
16079,17,3,93.24,2,Silver,-0.6491224446677566,0.0,-0.9739163886748025
16080,82,4,544.1,3,Gold,-0.06363563841494821,0.17812112660243817,-0.01776634370449249
16081,57,8,3148.2400000000002,1,Platinum,-0.200921435633751,0.6473133678195304,0.9377422952095963
16082,671,1,91.8,0,Bronze,0.7374912468037615,-0.5532947556651122,-0.9823048959403614
16083,101,4,746.9000000000001,3,Gold,0.01532422175144424,0.17812112660243817,0.15454637033809068
16084,300,1,413.48,0,Bronze,0.4298417962678217,-0.5532947556651122,-0.16700480464791623
16085,24,12,2006.1200000000001,1,Platinum,-0.523287497475313,0.9408443783721279,0.6923422562925655
16086,60,10,1878.53,1,Platinum,-0.18160367235153863,0.8074958608438627,0.6565618398985867
16089,387,2,221.64,0,Bronze,0.5270974364604317,-0.22963807175534695,-0.5055660975598392
16090,625,1,129.56,0,Bronze,0.7103296330370966,-0.5532947556651122,-0.7963257979123699
16091,155,2,315.06,0,Bronze,0.17807762315797018,-0.22963807175534695,-0.3146896249195324
16092,115,6,1144.16,3,Gold,0.06459168165065898,0.44670524433488773,0.3866375652484171
16093,107,1,17.0,0,Bronze,0.0372190069620216,-0.5532947556651122,-1.875778625363835
16094,12,11,2145.67,1,Platinum,-0.7737769457562178,0.8769514395748774,0.7289604470982718
16095,457,1,447.05,0,Bronze,0.5906323214468823,-0.5532947556651122,-0.12457757535877607
16096,265,4,755.85,3,Gold,0.3824909194133723,0.17812112660243817,0.16102692100774604
16097,241,1,80.4,0,Bronze,0.34626983283478935,-0.5532947556651122,-1.0537094544721317
16098,88,14,1871.65,1,Platinum,-0.036900060684146946,1.0550725661773155,0.6545640336524481
16099,51,7,1258.8,3,Gold,-0.24275071118739783,0.5532947556651121,0.4386139049820488
16100,463,1,520.24,0,Bronze,0.595617916219479,-0.5532947556651122,-0.042149804134708264
16101,71,4,2809.71,3,Gold,-0.11809621009893657,0.17812112660243817,0.8757881506863877
16102,43,3,1117.54,2,Silver,-0.3067415229774418,0.0,0.3738243740615767
16103,8,22,4449.26,1,Platinum,-0.9146355619521664,1.3962735958823376,1.1261266433369932
16104,62,9,2313.62,1,Platinum,-0.16924600527292027,0.7314158822675506,0.7699971962735523
16105,249,5,1175.77,3,Gold,0.3587279863928917,0.32365668390976515,0.40147129322861513
16106,66,1,108.38,0,Bronze,-0.14566597995919667,-0.5532947556651122,-0.892753814875337
16107,29,5,459.1,2,Silver,-0.4534484124293297,0.32365668390976515,-0.1101197473294218
16108,85,4,1841.81,3,Gold,-0.05003464312701457,0.17812112660243817,0.6458133159765961
16109,219,1,100.08,0,Bronze,0.30976084360635325,-0.5532947556651122,-0.9357452495555939
16110,46,4,1558.94,3,Gold,-0.281476029400742,0.17812112660243817,0.5550295134751834
16111,429,1,447.93,0,Bronze,0.5664677234567803,-0.5532947556651122,-0.12350864808638166
16112,144,2,62.06,0,Bronze,0.15006781366563385,-0.22963807175534695,-1.1927846131238773
16113,184,1,110.15,0,Bronze,0.24338833839679566,-0.5532947556651122,-0.884008750303012
16114,171,1,135.75000000000003,0,Bronze,0.21547847415739543,-0.5532947556651122,-0.7710909207947881
16115,10,12,2325.5,1,Platinum,-0.8377677575462616,0.9408443783721279,0.7727861589188393
16116,212,1,447.28000000000003,0,Bronze,0.2973746319129746,-0.5532947556651122,-0.12429799412374173
16117,190,3,599.65,3,Gold,0.2556145184896223,0.0,0.035100446384007625
16118,653,1,67.44,0,Bronze,0.7270909394138766,-0.5532947556651122,-1.1481833542033535
16119,9,7,748.21,2,Silver,-0.8742767467746977,0.5532947556651121,0.15549974982018475
16120,60,4,257.06,2,Silver,-0.18160367235153863,0.17812112660243817,-0.4251375220682602
16121,58,5,1355.49,3,Gold,-0.19437333673537285,0.32365668390976515,0.4788987431869054
16122,113,5,503.1,3,Gold,0.05792969707949422,0.32365668390976515,-0.060364900830150364
16123,52,1,257.40000000000003,2,Silver,-0.23545421519469298,-0.5532947556651122,-0.4244202393047123
16124,318,4,1216.29,3,Gold,0.45208992017847993,0.17812112660243817,0.4199139713672595
16125,368,14,3709.94,1,Platinum,0.5078647718073205,1.0550725661773155,1.0271531736501323
16126,30,15,8803.92,1,Platinum,-0.44088812463316107,1.1065895113302244,1.4978536537469556
16127,40,2,701.9200000000001,2,Silver,-0.33379189688341554,-0.22963807175534695,0.12075597845742793
16128,18,10,2827.82,1,Platinum,-0.628411754550284,0.8074958608438627,0.8792869991850716
16129,408,3,1003.23,3,Gold,0.5472881665990617,0.0,0.3150957668363523
16130,423,4,749.15,3,Gold,0.5610851366585369,0.17812112660243817,0.15618282750198545
16131,52,9,2834.39,1,Platinum,-0.23545421519469298,0.7314158822675506,0.880550787465926
16132,545,2,138.2,0,Bronze,0.6579540625528064,-0.22963807175534695,-0.7614171631353246
16133,4,50,6179.87,1,Platinum,-1.1397898640591078,2.031933682284485,1.305083720985208
16134,22,5,1725.73,2,Silver,-0.555227194461042,0.32365668390976515,0.6103690150728149
16135,263,2,530.8000000000001,3,Gold,0.3795999286523362,-0.22963807175534695,-0.031223287923607297
16136,60,4,644.1,3,Gold,-0.18160367235153863,0.17812112660243817,0.07399362027820787
16137,681,1,422.7,0,Bronze,0.7431494657478899,-0.5532947556651122,-0.15501921924885867
16138,379,3,398.90000000000003,3,Gold,0.5191168466023309,0.0,-0.18651335224140894
16139,19,5,920.32,2,Silver,-0.6087636294902878,0.32365668390976515,0.2681529844746878
16140,66,3,958.5,3,Gold,-0.14566597995919667,0.0,0.29027356195324205
16141,89,2,670.73,3,Gold,-0.032620078083961696,-0.22963807175534695,0.09603043265538232
16142,250,1,395.88,0,Bronze,0.3602571479350108,-0.5532947556651122,-0.19064305414849453
16143,4,12,3430.51,1,Platinum,-1.1397898640591078,0.9408443783721279,0.9845054704797104
16145,9,19,4864.34,1,Platinum,-0.8742767467746977,1.2847106379326625,1.174706557308467
16146,204,3,528.1800000000001,3,Gold,0.28271046970037933,0.0,-0.03391385041004051
16147,134,5,1822.52,3,Gold,0.12269513897699648,0.32365668390976515,0.6400807008075441
16148,437,1,218.5,0,Bronze,0.5735288350587067,-0.5532947556651122,-0.5133040356122113
16149,5,3,266.7,2,Silver,-1.0699507790131246,0.0,-0.4051579458179661
16150,43,10,3113.53,1,Platinum,-0.3067415229774418,0.8074958608438627,0.9317045975396764
16152,269,1,396.1,0,Bronze,0.3882082562614065,-0.5532947556651122,-0.1903411554540331
16153,50,11,3125.71,1,Platinum,-0.2501888955329656,0.8769514395748774,0.9338309001008996
16155,382,5,531.25,3,Gold,0.5221290859067854,0.32365668390976515,-0.030762502630225664
16156,9,19,4333.2300000000005,1,Platinum,-0.8742767467746977,1.2847106379326625,1.1117344460511842
16157,16,3,381.05,2,Silver,-0.6710172298783336,0.0,-0.2113894809914972
16158,523,8,490.90000000000003,3,Gold,0.6422000702439971,0.6473133678195304,-0.07371149084214226
16159,282,4,822.54,3,Gold,0.40622136862755537,0.17812112660243817,0.20703165601372778
16160,66,1,173.09999999999997,0,Bronze,-0.14566597995919667,-0.5532947556651122,-0.6395408717862074
16161,2,43,10643.79,1,Platinum,-1.3354638962975345,1.9140853721740871,1.6012303350818216
16162,253,1,11.9,0,Bronze,0.3648083435442054,-0.5532947556651122,-2.0572677844030065
16163,366,5,1086.9,3,Gold,0.5057829489787685,0.32365668390976515,0.3586931987434663
16164,18,3,618.78,2,Silver,-0.628411754550284,0.0,0.0521803640816736
16166,429,2,402.98,0,Bronze,0.5664677234567803,-0.22963807175534695,-0.1809834077206194
16167,415,5,840.55,3,Gold,0.553788640665832,0.32365668390976515,0.21881696689543828
16168,11,60,5217.900000000001,1,Platinum,-0.8044376617287146,2.174856354770591,1.212922634447478
16169,9,4,1262.24,2,Silver,-0.8742767467746977,0.17812112660243817,0.4400994392749504
16170,51,20,5570.08,1,Platinum,-0.24275071118739783,1.3236566839097652,1.24849776072138
16171,60,1,73.19999999999999,0,Bronze,-0.18160367235153863,-0.5532947556651122,-1.1041617882155577
16172,96,7,1493.14,3,Gold,-0.003928798108388237,0.5532947556651121,0.5315515295090585
16173,16,6,1256.16,2,Silver,-0.6710172298783336,0.44670524433488773,0.4374710901235023
16174,127,6,997.7,3,Gold,0.10229959034796707,0.44670524433488773,0.3120875539367138
16175,95,7,1440.74,3,Gold,-0.007898309875484755,0.5532947556651121,0.5121029801001189
16176,422,4,1160.34,3,Gold,0.560180639289994,0.17812112660243817,0.3942808543755565
16177,51,8,1820.18,1,Platinum,-0.24275071118739783,0.6473133678195304,0.6393811774246296
16178,139,2,325.94,0,Bronze,0.13662592718895825,-0.22963807175534695,-0.2962518936414712
16179,61,1,168.22,0,Bronze,-0.17537500734875106,-0.5532947556651122,-0.6550289693305756
16180,101,13,3885.48,1,Platinum,0.01532422175144424,0.9999999999999998,1.0523319931741935
16181,74,1,153.86,0,Bronze,-0.10245916312994499,-0.5532947556651122,-0.7033387188967088
16182,73,1,72.8,0,Bronze,-0.10760091090258887,-0.5532947556651122,-1.1071065314948931
16183,68,4,918.21,3,Gold,-0.13439886011567378,0.17812112660243817,0.26690391138832764
16184,65,5,656.3100000000001,3,Gold,-0.1514263059164838,0.32365668390976515,0.08420839449249982
16185,17,3,580.32,2,Silver,-0.6491224446677566,0.0,0.017280260544927106
16186,23,26,6520.68,1,Platinum,-0.5389245444443046,1.5242648073944076,1.334323478305164
16187,32,15,4152.34,1,Platinum,-0.4169394232008936,1.1065895113302244,1.0885100160960626
16188,45,5,900.82,3,Gold,-0.28971407717663195,0.32365668390976515,0.2564988705388557
16189,16,2,125.58,2,Silver,-0.6710172298783336,-0.22963807175534695,-0.8131911814845965
16190,41,8,1892.96,1,Platinum,-0.3245612223338783,0.6473133678195304,0.6607283587442182
16191,3,15,2259.39,1,Platinum,-1.2252659960740826,1.1065895113302244,0.7570815541059464
16192,736,1,201.6,0,Bronze,0.7728584931374443,-0.5532947556651122,-0.556950762657009
16193,237,2,551.66,3,Gold,0.3398854440853227,-0.22963807175534695,-0.010262749049506616
16194,376,1,117.9,0,Bronze,0.5160807319685239,-0.5532947556651122,-0.847289657249646
16195,724,1,323.25,0,Bronze,0.7665701802494287,-0.5532947556651122,-0.3007527497986182
16196,489,1,93.3,0,Bronze,0.6165023665837945,-0.5532947556651122,-0.9735696551231291
16197,470,9,1071.0800000000002,3,Gold,0.6013535981482184,0.7314158822675506,0.35071301996313
16198,76,2,721.6610000000001,3,Gold,-0.09237820086701533,-0.22963807175534695,0.1358447234253682
16199,393,3,150.75,0,Bronze,0.5329756253286786,0.0,-0.7143906221481731
16200,5,12,4665.61,1,Platinum,-1.0699507790131246,0.9408443783721279,1.1519873737627968
16201,4,5,1812.3500000000001,1,Platinum,-1.1397898640591078,0.32365668390976515,0.6370339115662079
16202,361,8,1513.72,3,Gold,0.5005283472736304,0.6473133678195304,0.5390039657333793
16203,59,6,831.35,3,Gold,-0.18793529514491986,0.44670524433488773,0.21282856696095923
16204,24,3,796.21,2,Silver,-0.523287497475313,0.0,0.18932970456792772
16205,38,6,1080.55,3,Gold,-0.3529486114108498,0.44670524433488773,0.3555040599077816
16206,55,13,2044.72,1,Platinum,-0.2143633221104263,0.9999999999999998,0.702719668881835
16207,26,1,277.18,2,Silver,-0.4938072276067984,-0.5532947556651122,-0.38423775838838464
16208,45,10,2481.4700000000003,1,Platinum,-0.28971407717663195,0.8074958608438627,0.808136162251126
16209,89,5,734.3000000000001,3,Gold,-0.032620078083961696,0.32365668390976515,0.14529024169541765
16210,2,26,3256.23,1,Platinum,-1.3354638962975345,1.5242648073944076,0.9561099618452635
16211,89,2,501.27000000000004,2,Silver,-0.032620078083961696,-0.22963807175534695,-0.062346163206082765
16212,20,4,1097.21,2,Silver,-0.5900743396182883,0.17812112660243817,0.36383171790333785
16213,79,1,82.5,0,Bronze,-0.07773739492146804,-0.5532947556651122,-1.0398332648938982
16214,171,4,1451.01,3,Gold,0.21547847415739543,0.17812112660243817,0.5159698482546877
16215,81,1,219.9,0,Bronze,-0.06827877959900555,-0.5532947556651122,-0.5098404151696767
16216,268,1,562.4,0,Bronze,0.3867869022832951,-0.5532947556651122,0.00022248793155816215
16217,236,2,304.25,0,Bronze,0.3382725808284183,-0.22963807175534695,-0.3336483567916224
16218,30,10,1684.43,1,Platinum,-0.44088812463316107,0.8074958608438627,0.5971806797881523
16221,37,9,1546.33,1,Platinum,-0.36289863726587396,0.7314158822675506,0.5506078408524235
16222,319,2,1160.55,3,Gold,0.45328883964735195,-0.22963807175534695,0.39437935494868426
16223,375,2,935.02,3,Gold,0.515063322452488,-0.22963807175534695,0.2767764751300153
16224,58,5,1125.83,3,Gold,-0.19437333673537285,0.32365668390976515,0.3778470652478675
16225,45,15,2630.96,1,Platinum,-0.28971407717663195,1.1065895113302244,0.8399918314489766
16226,204,4,327.15,3,Gold,0.28271046970037933,0.17812112660243817,-0.2942394070283434
16227,226,3,721.1,3,Gold,0.3217590557952916,0.0,0.13542165074765908
16228,386,3,388.39,3,Gold,0.5261089082793118,0.0,-0.2010224327851345
16229,88,6,2690.66,3,Gold,-0.036900060684146946,0.44670524433488773,0.8522107732241502
16230,190,2,466.13,3,Gold,0.2556145184896223,-0.22963807175534695,-0.10185890604699718
16231,380,4,1020.47,3,Gold,0.5201235606051635,0.17812112660243817,0.32436877677121545
16232,44,7,1423.81,3,Gold,-0.2981331953683717,0.5532947556651121,0.5056679498573151
16233,72,8,1005.13,3,Gold,-0.11281261657107146,0.6473133678195304,0.31612550782860227
16234,477,3,299.6,0,Bronze,0.6070046620774018,0.0,-0.3420110174568315
16235,41,8,1579.6200000000001,1,Platinum,-0.3245612223338783,0.6473133678195304,0.562204115610468
16236,79,1,432.2,2,Silver,-0.07773739492146804,-0.5532947556651122,-0.14293942986250238
16237,438,1,136.65,0,Bronze,0.5744023917830158,-0.5532947556651122,-0.767517303299493
16238,423,1,53.16,0,Bronze,0.5610851366585369,-0.5532947556651122,-1.2756690541851043
16239,57,5,593.2,3,Gold,-0.200921435633751,0.32365668390976515,0.029218803510022068
16240,25,2,1935.45,2,Silver,-0.5082638284718078,-0.22963807175534695,0.6728150488923684
16241,10,16,3637.76,1,Platinum,-0.8377677575462616,1.1549822427096075,1.0164525439811443
16242,9,14,6848.26,1,Platinum,-0.8742767467746977,1.0550725661773155,1.3610221993607514
16243,34,2,277.3,2,Silver,-0.3944003073798616,-0.22963807175534695,-0.38400280603559955
16244,212,2,1369.15,3,Gold,0.2973746319129746,-0.22963807175534695,0.484357259808384
16245,24,3,1115.94,2,Silver,-0.523287497475313,0.0,0.373044548666422
16246,460,2,712.75,3,Gold,0.5931332299448329,-0.22963807175534695,0.12908542846168627
16247,171,1,57.82,0,Bronze,0.21547847415739543,-0.5532947556651122,-1.2307036071502195
16248,62,1,152.94,0,Bronze,-0.16924600527292027,-0.5532947556651122,-0.7065848041861099
16249,53,5,1045.69,3,Gold,-0.2282941103223884,0.32365668390976515,0.33765588836023736
16250,262,3,529.24,3,Gold,0.37814620980093494,0.0,-0.032823701189288144
16251,513,1,128.31,0,Bronze,0.6348192165065734,-0.5532947556651122,-0.801566691260717
16252,383,1,274.64,0,Bronze,0.5231279246933352,-0.5532947556651122,-0.38923483758326005
16253,67,7,2573.9300000000003,1,Platinum,-0.1399909953095136,0.5532947556651121,0.8280577103076634
16254,379,3,782.64,3,Gold,0.5191168466023309,0.0,0.17997676868139137
16255,17,15,3560.9900000000002,1,Platinum,-0.6491224446677566,1.1065895113302244,1.004835961805736
16256,267,2,303.15000000000003,0,Bronze,0.3853602546096233,-0.22963807175534695,-0.33561505993920954
16258,46,15,6380.1,1,Platinum,-0.281476029400742,1.1065895113302244,1.322451979909195
16259,411,3,330.29,0,Bronze,0.5500876026221844,0.0,-0.28905133795712507
16260,51,1,427.45000000000005,2,Silver,-0.24275071118739783,-0.5532947556651122,-0.14894584330053953
16261,18,6,950.5600000000001,2,Silver,-0.628411754550284,0.44670524433488773,0.28574670485793
16262,379,1,662.13,3,Gold,0.5191168466023309,-0.5532947556651122,0.0890107602205148
16263,424,1,154.10000000000002,0,Bronze,0.5619875032892562,-0.5532947556651122,-0.7024950854641367
16264,439,2,655.38,3,Gold,0.5752739608907629,-0.22963807175534695,0.08343706802699309
16265,10,12,5066.64,1,Platinum,-0.8377677575462616,0.9408443783721279,1.1968999902882769
16266,74,14,1000.05,1,Platinum,-0.10245916312994499,1.0550725661773155,0.31336793859761564
16267,592,1,27.900000000000002,0,Bronze,0.6895849465177739,-0.5532947556651122,-1.6178435359955854
16268,72,2,426.44,2,Silver,-0.11281261657107146,-0.22963807175534695,-0.1502315790783108
16269,438,1,598.35,0,Bronze,0.5744023917830158,-0.5532947556651122,0.033920097531787714
16270,354,1,504.79,0,Bronze,0.4930486641514013,-0.5532947556651122,-0.058541588184240115
16271,16,8,3000.69,1,Platinum,-0.6710172298783336,0.6473133678195304,0.9116008340356033
16272,117,1,411.7,0,Bronze,0.07113978054903715,-0.5532947556651122,-0.16934940460816733
16273,657,1,127.59,0,Bronze,0.7294266445629143,-0.5532947556651122,-0.8046084893902209
16274,374,1,228.35,0,Bronze,0.5140432034538499,-0.5532947556651122,-0.48939000187907444
16275,197,3,1378.54,3,Gold,0.2694020284288844,0.0,0.4880780197612297
16276,177,3,139.88,0,Bronze,0.22861305660026304,0.0,-0.7548816378610435
16277,734,1,95.84,0,Bronze,0.7718175836447527,-0.5532947556651122,-0.9590900803917549
16278,101,3,570.19,3,Gold,0.01532422175144424,0.0,0.007703380820154809
16279,22,9,4334.99,1,Platinum,-0.555227194461042,0.7314158822675506,1.1119556183144816
16280,726,1,218.15,0,Bronze,0.7676254273564499,-0.5532947556651122,-0.5141733925188036
16281,73,2,450.3,2,Silver,-0.10760091090258887,-0.22963807175534695,-0.1206402199513658
16282,340,3,505.5,3,Gold,0.4776363484634799,0.0,-0.05777739778153597
16283,6,8,3958.88,1,Platinum,-1.0109026739636562,0.6473133678195304,1.0625246782133144
16284,32,3,940.24,2,Silver,-0.4169394232008936,0.0,0.27980614495731504
16285,647,1,176.9,0,Bronze,0.7235604585917994,-0.5532947556651122,-0.6277782018423936
16286,478,2,311.05,0,Bronze,0.6078051941505764,-0.22963807175534695,-0.3216456745382848
16287,170,5,524.22,3,Gold,0.21324491414045238,0.32365668390976515,-0.03800589103381284
16288,471,1,89.4,0,Bronze,0.6021660151178568,-0.5532947556651122,-0.9965793242857104
16289,463,1,136.31,0,Bronze,0.595617916219479,-0.5532947556651122,-0.768864582872359
16290,465,4,1221.0,3,Gold,0.597265464813531,0.17812112660243817,0.42201777944063573
16292,122,5,592.35,3,Gold,0.08703643746195228,0.32365668390976515,0.028438946102319784
16293,22,15,3354.83,1,Platinum,-0.555227194461042,1.1065895113302244,0.9723562721049599
16294,477,1,126.05000000000001,0,Bronze,0.6070046620774018,-0.5532947556651122,-0.8111721372249819
16295,10,4,922.9200000000001,2,Silver,-0.8377677575462616,0.17812112660243817,0.2696881983286328
16296,627,4,1072.81,3,Gold,0.7115514983716703,0.17812112660243817,0.35159140887957274
16297,269,1,258.34,0,Bronze,0.3882082562614065,-0.5532947556651122,-0.4224420642667548
16298,23,6,763.45,2,Silver,-0.5389245444443046,0.44670524433488773,0.16647007280382645
16299,478,1,180.45000000000002,0,Bronze,0.6078051941505764,-0.5532947556651122,-0.6170142204462975
16300,431,3,1311.47,3,Gold,0.5682452415308415,0.0,0.46092678232937806
16301,737,1,107.33,0,Bronze,0.7733778890917304,-0.5532947556651122,-0.8980086899332844
16302,127,1,170.1,0,Bronze,0.10229959034796707,-0.5532947556651122,-0.6490099893278803
16303,26,7,5387.76,1,Platinum,-0.4938072276067984,0.5532947556651121,1.2303710806383132
16304,695,1,357.79,0,Bronze,0.7509331332804371,-0.5532947556651122,-0.24560917780640196
16305,139,1,347.3,0,Bronze,0.13662592718895825,-0.5532947556651122,-0.2617743659341969
16306,214,7,927.44,3,Gold,0.3009546061723703,0.5532947556651121,0.27234685347320176
16307,430,3,804.86,3,Gold,0.5673575135377023,0.0,0.19520887352967398
16309,107,2,573.89,3,Gold,0.0372190069620216,-0.22963807175534695,0.011220899439519637
16310,415,2,400.83,0,Bronze,0.553788640665832,-0.22963807175534695,-0.18389047406838024
16311,18,2,574.71,2,Silver,-0.628411754550284,-0.22963807175534695,0.011997392648983168
16312,433,1,138.0,0,Bronze,0.5700145493304952,-0.5532947556651122,-0.7622004503733771
16313,4,2,237.07000000000002,2,Silver,-1.1397898640591078,-0.22963807175534695,-0.46906139160034205
16314,390,3,1061.2,3,Gold,0.530047806303527,0.0,0.34566923272975825
16315,331,2,336.01,0,Bronze,0.46739059615387146,-0.22963807175534695,-0.2797255984787609
16316,65,13,4096.95,1,Platinum,-0.1514263059164838,0.9999999999999998,1.0811958613653156
16317,120,5,1491.46,3,Gold,0.08075671555037933,0.32365668390976515,0.5309386425611641
16318,36,1,265.15,2,Silver,-0.37311402818699907,-0.5532947556651122,-0.4083214016654932
16320,173,6,3349.16,3,Gold,0.21990689871161714,0.44670524433488773,0.9714350414804335
16321,73,7,478.1,3,Gold,-0.10760091090258887,0.5532947556651121,-0.08807511403944872
16322,2,2,302.29,2,Silver,-1.3354638962975345,-0.22963807175534695,-0.33715762489381784
16324,129,3,377.53000000000003,3,Gold,0.10823853811198687,0.0,-0.21643201654468974
16325,47,11,2189.4700000000003,1,Platinum,-0.2734114271598946,0.8769514395748774,0.739964015308561
16326,6,24,4253.95,1,Platinum,-1.0109026739636562,1.4628317645351008,1.1016773551117622
16327,15,16,8526.28,1,Platinum,-0.6942397615052628,1.1549822427096075,1.480398905044974
16328,564,1,300.75,0,Bronze,0.6710571126893016,-0.5532947556651122,-0.3399308535373949
16329,444,3,912.52,3,Gold,0.5796023058996479,0.0,0.26352121298217607
16330,18,7,503.93,2,Silver,-0.628411754550284,0.5532947556651121,-0.05946866517499798
16331,433,5,352.05,3,Gold,0.5700145493304952,0.32365668390976515,-0.25439509332616383
16332,29,10,1686.15,1,Platinum,-0.4534484124293297,0.8074958608438627,0.5977363464357661
16334,493,1,242.31,0,Bronze,0.6196166476208109,-0.5532947556651122,-0.45720074121255194
16335,552,7,2234.37,3,Gold,0.6628338031622965,0.5532947556651121,0.7510178670984146
16336,421,3,1047.08,3,Gold,0.559274001097281,0.0,0.3383788689276851
16337,37,1,133.15,0,Bronze,-0.36289863726587396,-0.5532947556651122,-0.7815483704951098
16338,158,1,184.25,0,Bronze,0.185374119150675,-0.5532947556651122,-0.6057231182325753
16339,285,1,94.05,0,Bronze,0.41026064462483297,-0.5532947556651122,-0.9692540039806717
16340,108,3,1320.46,3,Gold,0.04074948778409843,0.0,0.4646456031624053
16341,25,7,1584.17,1,Platinum,-0.5082638284718078,0.5532947556651121,0.5637700649164621
16342,76,4,209.86,2,Silver,-0.09237820086701533,0.17812112660243817,-0.5351810628657895
16343,17,3,500.59,2,Silver,-0.6491224446677566,0.0,-0.06308421006362375
16344,159,4,445.46000000000004,3,Gold,0.18777572236294193,0.17812112660243817,-0.12651426704204297
16345,45,2,1028.52,2,Silver,-0.28971407717663195,-0.22963807175534695,0.3286452196308663
16346,386,1,75.48,0,Bronze,0.5261089082793118,-0.5532947556651122,-1.0876740725273857
16347,12,10,2751.7000000000003,1,Platinum,-0.7737769457562178,0.8074958608438627,0.86442691302833
16348,33,8,1278.38,1,Platinum,-0.4055041125939236,0.6473133678195304,0.44701577411856985
16349,291,1,12.65,0,Bronze,0.41821361799774853,-0.5532947556651122,-2.0264812783603183
16350,22,9,1815.3300000000002,1,Platinum,-0.555227194461042,0.7314158822675506,0.6379284440769518
16351,333,13,2850.47,3,Gold,0.4696912304425719,0.9999999999999998,0.8836315822538431
16352,18,2,464.44,2,Silver,-0.628411754550284,-0.22963807175534695,-0.10383339107741552
16353,18,19,3212.7400000000002,1,Platinum,-0.628411754550284,1.2847106379326625,0.9487872041115052
16354,64,5,1011.7,3,Gold,-0.1572745791724231,0.32365668390976515,0.31967131618256334
16355,376,1,323.25,0,Bronze,0.5160807319685239,-0.5532947556651122,-0.3007527497986182
16356,198,6,415.87,3,Gold,0.2713317778885159,0.44670524433488773,-0.16387250499636902
16357,34,4,709.65,2,Silver,-0.3944003073798616,0.17812112660243817,0.12671417203789415
16358,2,5,1875.41,1,Platinum,-1.3354638962975345,0.32365668390976515,0.6556567657636333
16359,8,14,802.71,1,Platinum,-0.9146355619521664,1.0550725661773155,0.19375349167728553
16360,5,6,3058.88,1,Platinum,-1.0699507790131246,0.44670524433488773,0.9220606653284048
16361,10,4,738.5600000000001,2,Silver,-0.8377677575462616,0.17812112660243817,0.1484373241055031
16362,33,6,818.4,2,Silver,-0.4055041125939236,0.44670524433488773,0.20428611672465422
16363,54,1,109.36000000000001,0,Bronze,-0.22126539096246675,-0.5532947556651122,-0.8878945794491679
16364,12,2,566.31,2,Silver,-0.7737769457562178,-0.22963807175534695,0.003990179656275444
16365,18,13,1376.96,1,Platinum,-0.628411754550284,0.9999999999999998,0.48745372495873884
16366,19,4,871.99,2,Silver,-0.6087636294902878,0.17812112660243817,0.23879863342224072
16367,38,3,1292.9,2,Silver,-0.3529486114108498,0.0,0.4531637518657832
16368,3,3,469.75,2,Silver,-1.2252659960740826,0.0,-0.09765346491223131
16369,19,7,1852.0900000000001,1,Platinum,-0.6087636294902878,0.5532947556651121,0.6488438706858376
16370,83,4,1043.41,3,Gold,-0.05904810504946846,0.17812112660243817,0.3364679105656807
16371,449,1,109.5,0,Bronze,0.5838822884998331,-0.5532947556651122,-0.8872039276747852
16372,34,5,1190.86,2,Silver,-0.3944003073798616,0.32365668390976515,0.4084126760354366
16373,383,2,309.49,0,Bronze,0.5231279246933352,-0.22963807175534695,-0.3243759492836076
16374,67,5,1394.67,3,Gold,-0.1399909953095136,0.32365668390976515,0.49441075763485476
16375,471,2,104.0,0,Bronze,0.6021660151178568,-0.22963807175534695,-0.9150175686035144
16376,9,2,741.24,2,Silver,-0.8742767467746977,-0.22963807175534695,0.15040790280019634
16378,248,3,331.75,3,Gold,0.35719269593041963,0.0,-0.28665577592845787
16379,5,4,1639.96,2,Silver,-1.0699507790131246,0.17812112660243817,0.5826137527752246
16380,62,1,60.95,0,Bronze,-0.16924600527292027,-0.5532947556651122,-1.2024593183907455
16381,396,2,211.95,0,Bronze,0.5358812356518636,-0.22963807175534695,-0.5298079407280263
16382,409,2,215.75,0,Bronze,0.5482235869847893,-0.22963807175534695,-0.5201723649638423
16383,75,7,2321.26,3,Gold,-0.09738551998146396,0.5532947556651121,0.7717924093406262
16384,90,4,1143.65,3,Gold,-0.028387389076971702,0.17812112660243817,0.38639489371103797
16385,61,5,810.45,3,Gold,-0.17537500734875106,0.32365668390976515,0.19897476995555036
16386,29,3,718.79,2,Silver,-0.4534484124293297,0.0,0.13367611668759893
16387,323,5,496.16,3,Gold,0.45804734130738944,0.32365668390976515,-0.06791699966138383
16388,654,1,186.05,0,Bronze,0.7276762022589719,-0.5532947556651122,-0.60045529784522
16389,54,4,436.83000000000004,2,Silver,-0.22126539096246675,0.17812112660243817,-0.13714780966387077
16390,537,3,352.75,3,Gold,0.6523000195677051,0.0,-0.2533160230068944
16391,401,4,880.61,3,Gold,0.5406754716705815,0.17812112660243817,0.24415143001864684
16392,270,3,604.8,3,Gold,0.38962435568416953,0.0,0.03975147107541585
16393,3,23,5160.38,1,Platinum,-1.2252659960740826,1.4302461952399896,1.2068850619313871
16394,57,5,552.2,2,Silver,-0.200921435633751,0.32365668390976515,-0.009730712153882928
16395,61,14,2875.14,1,Platinum,-0.17537500734875106,1.0550725661773155,0.8883245384703407
16396,477,1,137.8,0,Bronze,0.6070046620774018,-0.5532947556651122,-0.762984865455214
16397,629,1,103.17999999999999,0,Bronze,0.7127694785952846,-0.5532947556651122,-0.9192887107396444
16398,155,2,1118.05,3,Gold,0.17807762315797018,-0.22963807175534695,0.3740727089725477
16399,20,3,561.19,2,Silver,-0.5900743396182883,0.0,-0.0009487723532274425
16400,95,9,1703.95,3,Gold,-0.007898309875484755,0.7314158822675506,0.6034538105525845
16401,2,21,3593.83,1,Platinum,-1.3354638962975345,1.360790616508975,1.0098355497020581
16402,265,2,208.6,0,Bronze,0.3824909194133723,-0.22963807175534695,-0.5384461536798065
16403,313,1,177.5,0,Bronze,0.4460383810872603,-0.5532947556651122,-0.6259439368764728
16404,71,1,297.35,0,Bronze,-0.11809621009893657,-0.5532947556651122,-0.34610402078391495
16405,303,2,74.85,0,Bronze,0.43364071458735604,-0.22963807175534695,-1.0921802229949225
16406,19,3,478.96,2,Silver,-0.6087636294902878,0.0,-0.0870980997951723
16407,13,13,2173.29,1,Platinum,-0.7453895566792464,0.9999999999999998,0.7359250674758698
16408,592,1,208.65,0,Bronze,0.6895849465177739,-0.5532947556651122,-0.5383162130279767
16409,37,12,4670.1,1,Platinum,-0.36289863726587396,0.9408443783721279,1.1525112806388247
16410,735,1,25.200000000000003,0,Bronze,0.772338391961008,-0.5532947556651122,-1.6712763737335063
16411,20,4,746.4399999999999,2,Silver,-0.5900743396182883,0.17812112660243817,0.1542111996734886
16412,54,5,574.14,2,Silver,-0.22126539096246675,0.32365668390976515,0.01145775247326443
16413,57,2,494.33000000000004,2,Silver,-0.200921435633751,-0.22963807175534695,-0.06992597010860929
16414,22,5,491.51,2,Silver,-0.555227194461042,0.32365668390976515,-0.07303633818732536
16415,45,3,582.02,2,Silver,-0.28971407717663195,0.0,0.01887106763641545
16416,27,8,1526.68,1,Platinum,-0.47987643939483643,0.6473133678195304,0.5436452633938333
16417,493,1,35.7,0,Bronze,0.6196166476208109,-0.5532947556651122,-1.4876773522435955
16418,45,5,763.69,2,Silver,-0.28971407717663195,0.32365668390976515,0.166641079100601
16419,113,8,759.89,3,Gold,0.05792969707949422,0.6473133678195304,0.1639271555224899
16420,397,1,33.0,0,Bronze,0.5368448951729259,-0.5532947556651122,-1.5293070943713936
16421,377,3,365.72,3,Gold,0.5170954463568579,0.0,-0.23369963235148844
16422,18,59,4479.87,1,Platinum,-0.628411754550284,2.1616620775075397,1.129860922016378
16423,25,1,225.28,2,Silver,-0.5082638284718078,-0.5532947556651122,-0.49673143323199703
16424,192,2,281.9,0,Bronze,0.2596047051701011,-0.22963807175534695,-0.375071848966859
16425,303,1,244.8,0,Bronze,0.43364071458735604,-0.5532947556651122,-0.4516539136781399
16426,3,10,1683.71,1,Platinum,-1.2252659960740826,0.8074958608438627,0.5969479067545566
16427,264,2,136.06,0,Bronze,0.3810481513891017,-0.22963807175534695,-0.7698573596536757
16428,414,3,500.98,3,Gold,0.5528667281688463,0.0,-0.0626607962091267
16429,107,1,4.95,0,Bronze,0.0372190069620216,-0.5532947556651122,-2.4788352546106824
16430,58,6,538.99,3,Gold,-0.19437333673537285,0.44670524433488773,-0.02289739617081969
16431,214,3,474.71999999999997,3,Gold,0.3009546061723703,0.0,-0.09193207384455078
16432,65,1,123.48,0,Bronze,-0.1514263059164838,-0.5532947556651122,-0.8223049922104818
16433,29,2,384.52,2,Silver,-0.4534484124293297,-0.22963807175534695,-0.20646384235651966
16434,30,12,1885.02,1,Platinum,-0.44088812463316107,0.9408443783721279,0.6584397068292857
16435,513,3,663.89,3,Gold,0.6348192165065734,0.0,0.09045472437544631
16436,669,3,258.24,0,Bronze,0.7363495039090082,0.0,-0.42265216731236627
16437,382,2,141.65,0,Bronze,0.5221290859067854,-0.22963807175534695,-0.748079773046385
16438,6,5,748.6,2,Silver,-1.0109026739636562,0.32365668390976515,0.15578325835706192
16439,723,1,270.90000000000003,0,Bronze,0.76604146455804,-0.5532947556651122,-0.3966771965042546
16440,8,6,3265.27,1,Platinum,-0.9146355619521664,0.44670524433488773,0.9576198199954988
16441,68,5,891.28,3,Gold,-0.13439886011567378,0.32365668390976515,0.25070519823135745
16442,2,5,729.58,2,Silver,-1.3354638962975345,0.32365668390976515,0.14178197027201825
16444,47,16,2870.04,1,Platinum,-0.2734114271598946,1.1549822427096075,0.8873576784630411
16445,34,4,560.71,2,Silver,-0.3944003073798616,0.17812112660243817,-0.0014141030452843946
16446,206,1,2.9,0,Bronze,0.286429474229694,-0.5532947556651122,-2.708956703050203
16447,136,3,564.45,3,Gold,0.12832839428870058,0.0,0.0022011253007789126
16448,199,2,335.62,0,Bronze,0.2732518543779168,-0.22963807175534695,-0.28035639798003475
16449,198,2,561.54,3,Gold,0.2713317778885159,-0.22963807175534695,-0.0006097191240446793
16450,150,3,789.3000000000001,3,Gold,0.16559917586154602,0.0,0.1845871490195331
16451,88,3,1003.2,3,Gold,-0.036900060684146946,0.0,0.3150794921487532
16452,631,2,239.59,0,Bronze,0.7139835983362801,-0.22963807175534695,-0.4633251752547202
16453,531,2,212.1,0,Bronze,0.6480040366977823,-0.22963807175534695,-0.5294243405383379
16454,45,4,30.950000000000003,0,Bronze,-0.28971407717663195,0.17812112660243817,-1.5631858227565425
16455,64,11,3186.13,1,Platinum,-0.1572745791724231,0.8769514395748774,0.9442576393275837
16456,100,13,4125.61,1,Platinum,0.011550255681379957,0.9999999999999998,1.0849926233861178
16457,219,1,161.56,0,Bronze,0.30976084360635325,-0.5532947556651122,-0.6769030835241756
16458,3,30,5593.54,1,Platinum,-1.2252659960740826,1.6345413257422818,1.2507870143400193
16459,730,1,61.35,0,Bronze,0.7697272403531444,-0.5532947556651122,-1.19895310400149
16460,29,3,647.76,2,Silver,-0.4534484124293297,0.0,0.07707569428593315
16461,178,3,1207.27,3,Gold,0.23075902556077962,0.0,0.41586220287093084
16462,74,3,136.0,0,Bronze,-0.10245916312994499,0.0,-0.7700958955314763
16463,22,4,1222.3,2,Silver,-0.555227194461042,0.17812112660243817,0.422597020516167
16464,20,3,1105.94,2,Silver,-0.5900743396182883,0.0,0.36814518492362114
16465,421,2,699.62,3,Gold,0.559274001097281,-0.22963807175534695,0.11897051265513608
16466,34,15,2783.3,1,Platinum,-0.3944003073798616,1.1065895113302244,0.870645122960891
16468,471,2,712.62,3,Gold,0.6021660151178568,-0.22963807175534695,0.1289861957418957
16469,24,5,765.25,2,Silver,-0.523287497475313,0.32365668390976515,0.16775131351249614
16470,52,11,2309.83,1,Platinum,-0.23545421519469298,0.8769514395748774,0.7691044389482851
16471,275,4,795.48,3,Gold,0.39662737445314583,0.17812112660243817,0.1888306280356419
16472,435,2,538.6,3,Gold,0.5717757223529184,-0.22963807175534695,-0.023290995073228085
16473,165,4,409.82,3,Gold,0.20187747886946178,0.17812112660243817,-0.17183672974415962
16474,8,7,1619.94,1,Platinum,-0.9146355619521664,0.5532947556651121,0.575926511549879
16475,144,3,397.3,3,Gold,0.15006781366563385,0.0,-0.18869737392966093
16476,432,1,291.15,0,Bronze,0.5691309169718763,-0.5532947556651122,-0.3575442796925598
16477,64,11,3733.3,1,Platinum,-0.1572745791724231,0.8769514395748774,1.030571737277306
16478,26,3,280.6,2,Silver,-0.4938072276067984,0.0,-0.37758100852847587
16479,11,2,288.33,2,Silver,-0.8044376617287146,-0.22963807175534695,-0.3628283165381244
16480,76,1,426.07,2,Silver,-0.09237820086701533,-0.5532947556651122,-0.15070335167143656
16481,683,1,291.68,0,Bronze,0.744271148709272,-0.5532947556651122,-0.3565568766709755
16482,16,1,139.5,2,Silver,-0.6710172298783336,-0.5532947556651122,-0.7563530649300145
16483,193,1,95.7,0,Bronze,0.26158431917602176,-0.5532947556651122,-0.9598782242228248
16484,174,2,376.8,0,Bronze,0.22210205920393347,-0.22963807175534695,-0.2174836388128769
16485,78,5,1926.81,3,Gold,-0.08255575351694985,0.32365668390976515,0.6703789426052722
16486,538,1,134.36,0,Bronze,0.6530113558122309,-0.5532947556651122,-0.7766566513968453
16487,578,2,155.05,0,Bronze,0.6804330395154692,-0.22963807175534695,-0.6991684649957618
16488,34,3,254.66000000000003,2,Silver,-0.3944003073798616,0.0,-0.43022773597764236
16489,381,2,77.5,0,Bronze,0.5211276357740323,-0.22963807175534695,-1.0734721083204455
16490,437,1,205.41000000000003,0,Bronze,0.5735288350587067,-0.5532947556651122,-0.5468010974426691
16491,47,2,1288.82,2,Silver,-0.2734114271598946,-0.22963807175534695,0.4514432181680275
16492,541,1,354.9,0,Bronze,0.6551374729685795,-0.5532947556651122,-0.2500150369683846
16493,80,7,812.52,3,Gold,-0.07297889326143023,0.5532947556651121,0.20036271841370637
16494,297,1,410.63,0,Bronze,0.4260048247108977,-0.5532947556651122,-0.17076367035175105
16495,4,3,474.51,2,Silver,-1.1397898640591078,0.0,-0.0921726108328788
16496,9,6,1829.03,1,Platinum,-0.8742767467746977,0.44670524433488773,0.6420220984544717
16497,50,23,4772.74,1,Platinum,-0.2501888955329656,1.4302461952399896,1.1643522495664782
16498,162,2,100.97,0,Bronze,0.19489148966269906,-0.22963807175534695,-0.9309695400710264
16499,361,8,2015.7,3,Gold,0.5005283472736304,0.6473133678195304,0.6949362916457241
16500,5,7,477.39000000000004,2,Silver,-1.0699507790131246,0.5532947556651121,-0.0888830413469811
16501,384,1,963.43,3,Gold,0.5241241657167796,-0.5532947556651122,0.2930655059916166
16502,621,1,128.69,0,Bronze,0.7078741473365078,-0.5532947556651122,-0.7999681190829337
16503,107,11,3098.6800000000003,1,Platinum,0.0372190069620216,0.8769514395748774,0.9291009064266814
16504,26,1,407.71,2,Silver,-0.4938072276067984,-0.5532947556651122,-0.17464194805257596
16506,20,2,90.30000000000001,2,Silver,-0.5900743396182883,-0.22963807175534695,-0.9911824880504251
16507,573,1,125.8,0,Bronze,0.6771107770802407,-0.5532947556651122,-0.8122451653052252
16508,631,1,205.5,0,Bronze,0.7139835983362801,-0.5532947556651122,-0.5465636129690759
16509,297,1,220.50000000000003,0,Bronze,0.4260048247108977,-0.5532947556651122,-0.508362721188941
16510,373,6,1231.67,3,Gold,0.5130203605027174,0.44670524433488773,0.42675389342226566
16511,22,6,1469.04,1,Platinum,-0.555227194461042,0.44670524433488773,0.522692826428794
16513,5,3,688.11,2,Silver,-1.0699507790131246,0.0,0.10994643285348779
16515,53,10,2429.07,1,Platinum,-0.2282941103223884,0.8074958608438627,0.7965139242466466
16516,31,1,101.69999999999999,0,Bronze,-0.42872664422085277,-0.5532947556651122,-0.9270833984972245
16517,278,1,162.70000000000002,0,Bronze,0.40076854405757495,-0.5532947556651122,-0.6730960132555632
16518,62,4,780.52,3,Gold,-0.16924600527292027,0.17812112660243817,0.17850097552497338
16519,26,4,315.36,2,Silver,-0.4938072276067984,0.17812112660243817,-0.3141727757802801
16520,187,6,1958.53,3,Gold,0.24955020516807794,0.44670524433488773,0.679269692565208
16521,416,3,880.45,3,Gold,0.5547083396853054,0.0,0.2440525517172009
16522,436,2,346.6,0,Bronze,0.5726532816315767,-0.22963807175534695,-0.2628703379266273
16523,2,27,7778.43,1,Platinum,-1.3354638962975345,1.553294755665112,1.4303953347484222
16524,447,2,213.79,0,Bronze,0.5821760297428034,-0.22963807175534695,-0.5251210077568832
16525,3,47,7746.25,1,Platinum,-1.2252659960740826,1.983540950905102,1.428137167183853
16526,172,2,382.63,0,Bronze,0.2176990859275922,-0.22963807175534695,-0.20914115901243113
16527,82,2,960.6500000000001,3,Gold,-0.06363563841494821,-0.22963807175534695,0.29149290378124937
16528,4,1,175.02,2,Silver,-1.1397898640591078,-0.5532947556651122,-0.6335658874884958
16529,191,4,1637.2,3,Gold,0.25761480740892523,0.17812112660243817,0.5816966992539281
16530,669,1,38.4,0,Bronze,0.7363495039090082,-0.5532947556651122,-1.449004202622491
16531,23,11,1673.26,1,Platinum,-0.5389245444443046,0.8769514395748774,0.5935582191716738
16533,20,3,920.82,2,Silver,-0.5900743396182883,0.0,0.2684485540969506
16534,643,1,429.6,0,Bronze,0.7211885967870243,-0.5532947556651122,-0.14621894444014327
16535,6,2,676.17,2,Silver,-1.0109026739636562,-0.22963807175534695,0.10042452930819695
16536,111,1,344.52,0,Bronze,0.05114979517398336,-0.5532947556651122,-0.2661400108731843
16537,642,1,18.55,0,Bronze,0.7205933294448572,-0.5532947556651122,-1.8307781906162628
16538,542,3,214.85,0,Bronze,0.6558435643345881,0.0,-0.522439120717757
16539,3,10,2734.71,1,Platinum,-1.2252659960740826,0.8074958608438627,0.8610540684823113
16540,415,1,205.75,0,Bronze,0.553788640665832,-0.5532947556651122,-0.5459044765544698
16541,736,1,307.78000000000003,0,Bronze,0.7728584931374443,-0.5532947556651122,-0.32738455501573555
16542,54,2,236.92000000000002,2,Silver,-0.22126539096246675,-0.22963807175534695,-0.4694047451570854
16543,592,1,187.99,0,Bronze,0.6895849465177739,-0.5532947556651122,-0.5948342194167701
16544,520,3,205.10000000000002,0,Bronze,0.6400007084645194,0.0,-0.5476198928544549
16545,165,2,116.7,0,Bronze,0.20187747886946178,-0.22963807175534695,-0.8528157521084871
16546,291,4,670.45,3,Gold,0.41821361799774853,0.17812112660243817,0.09580330400148764
16547,547,1,90.39999999999999,0,Bronze,0.6593546288575206,-0.5532947556651122,-0.9905861265456455
16548,600,1,17.4,0,Bronze,0.6947180813895958,-0.5532947556651122,-1.8638050405163107
16549,11,34,12254.03,1,Platinum,-0.8044376617287146,1.7314158822675505,1.6779707189435822
16550,109,18,7363.2300000000005,1,Platinum,0.04424772632194325,1.2437665043036517,1.4005151376699
16551,96,7,741.23,3,Gold,-0.003928798108388237,0.5532947556651121,0.15040056312771793
16552,243,2,265.39,0,Bronze,0.34942256221728135,-0.22963807175534695,-0.40783037266446803
16553,206,16,2076.9300000000003,1,Platinum,0.286429474229694,1.1549822427096075,0.711230380335988
16554,43,8,2321.35,1,Platinum,-0.3067415229774418,0.6473133678195304,0.7718135219232651
16555,36,5,547.5,2,Silver,-0.37311402818699907,0.32365668390976515,-0.01437891689287448
16556,67,17,6248.27,1,Platinum,-0.1399909953095136,1.2006081234846424,1.3110793198830344
16557,25,2,97.30000000000001,2,Silver,-0.5082638284718078,-0.22963807175534695,-0.9509381067871785
16558,1,38,9836.26,1,Platinum,-1.4907791133584927,1.8177958179470048,1.5582511152767329
16559,398,1,175.0,0,Bronze,0.5378061364743305,-0.5532947556651122,-0.6336277903554696
16560,27,8,2326.4300000000003,1,Platinum,-0.47987643939483643,0.6473133678195304,0.7730038853798487
16561,6,2,511.12,2,Silver,-1.0109026739636562,-0.22963807175534695,-0.05176598390965789
16562,477,1,193.36,0,Bronze,0.6070046620774018,-0.5532947556651122,-0.579570677168612
16563,54,6,732.71,3,Gold,-0.22126539096246675,0.44670524433488773,0.14411095160918208
16564,570,1,87.80000000000001,0,Bronze,0.6751035002201241,-0.5532947556651122,-1.006307728880601
16565,365,3,221.05,0,Bronze,0.5047377792782392,0.0,-0.5070116804824355
16566,16,5,293.70000000000005,2,Silver,-0.6710172298783336,0.32365668390976515,-0.3528098909980107
16567,195,2,487.6,3,Gold,0.2655131172844096,-0.22963807175534695,-0.0773785345601975
16568,428,1,183.6,0,Bronze,0.5655758616857911,-0.5532947556651122,-0.6076379749675406
16569,4,4,224.17000000000002,2,Silver,-1.1397898640591078,0.17812112660243817,-0.49941036901048935
16570,16,19,3512.27,1,Platinum,-0.6710172298783336,1.2847106379326625,0.9973332226798818
16571,27,10,3236.9900000000002,1,Platinum,-0.47987643939483643,0.8074958608438627,0.952882504002698
16572,128,3,845.59,3,Gold,0.1052805739339436,0.0,0.22206987258583294
16573,85,2,541.96,2,Silver,-0.05003464312701457,-0.22963807175534695,-0.01990928164709647
16574,72,3,1103.3,3,Gold,-0.11281261657107146,0.0,0.3668443674645445
16576,421,2,400.17,0,Bronze,0.559274001097281,-0.22963807175534695,-0.18478599675805898
16577,667,1,380.0,0,Bronze,0.7352043477269815,-0.5532947556651122,-0.21288876767065953
16578,627,1,156.6,0,Bronze,0.7115514983716703,-0.5532947556651122,-0.6937840559200243
16579,426,1,224.70000000000002,0,Bronze,0.5637858843277077,-0.5532947556651122,-0.49812959402655105
16581,183,1,80.28,0,Bronze,0.24131215739218803,-0.5532947556651122,-1.054513156875409
16582,114,1,29.099999999999998,0,Bronze,0.0612751721227529,-0.5532947556651122,-1.595680092518159
16583,374,2,297.95,0,Bronze,0.5140432034538499,-0.22963807175534695,-0.3450095429065647
16584,81,5,1083.14,3,Gold,-0.06827877959900555,0.32365668390976515,0.3568070820202963
16585,594,2,311.59000000000003,0,Bronze,0.6908746933847075,-0.22963807175534695,-0.3207037585207353
16586,249,3,963.58,3,Gold,0.3587279863928917,0.0,0.2931502296863583
16587,233,1,144.85,0,Bronze,0.33339284021892834,-0.5532947556651122,-0.7359941212364441
16588,387,4,710.6,3,Gold,0.5270974364604317,0.17812112660243817,0.1274419448600726
16589,72,4,531.24,3,Gold,-0.11281261657107146,0.17812112660243817,-0.03077273807029984
16590,401,2,367.6,0,Bronze,0.5406754716705815,-0.22963807175534695,-0.23091395686213223
16591,69,1,213.5,0,Bronze,-0.1288871900954514,-0.5532947556651122,-0.5258570375562911
16592,5,27,6176.17,1,Platinum,-1.0699507790131246,1.553294755665112,1.30475750874977
16593,51,5,585.41,2,Silver,-0.24275071118739783,0.32365668390976515,0.022029523335362296
16594,76,1,148.44,0,Bronze,-0.09237820086701533,-0.5532947556651122,-0.7227471920997237
16595,62,5,1596.77,3,Gold,-0.16924600527292027,0.32365668390976515,0.5680831941153672
16596,16,4,333.98,2,Silver,-0.6710172298783336,0.17812112660243817,-0.2830170135589791
16597,5,1,44.24,2,Silver,-1.0699507790131246,-0.5532947556651122,-1.3737075080166559
16598,286,1,145.05,0,Bronze,0.41159765979583074,-0.5532947556651122,-0.7352475967205653
16599,386,1,120.30000000000001,0,Bronze,0.5261089082793118,-0.5532947556651122,-0.8364028433889702
16600,5,13,1425.83,1,Platinum,-1.0699507790131246,0.9999999999999998,0.5064397499920391
16601,41,3,489.14000000000004,2,Silver,-0.3245612223338783,0.0,-0.07566417526175713
16602,37,2,587.5,2,Silver,-0.36289863726587396,-0.22963807175534695,0.023967686118218794
16603,75,2,430.45,2,Silver,-0.09738551998146396,-0.22963807175534695,-0.14514462182950666
16604,563,2,249.15,0,Bronze,0.6703785395134462,-0.22963807175534695,-0.4420971553086341
16606,405,2,273.51,0,Bronze,0.5444681210454952,-0.22963807175534695,-0.39147276523698554
16607,18,23,3705.02,1,Platinum,-0.628411754550284,1.4302461952399896,1.0264304249229488
16608,454,2,1019.8000000000001,3,Gold,0.5881149775068232,-0.22963807175534695,0.3240113313268443
16609,16,7,5051.28,1,Platinum,-0.6710172298783336,0.5532947556651121,1.195246268015032
16610,220,1,75.66,0,Bronze,0.311498055008351,-0.5532947556651122,-1.086393417471924
16611,187,6,1567.43,3,Gold,0.24955020516807794,0.44670524433488773,0.557986427858695
16612,33,9,3007.83,1,Platinum,-0.4055041125939236,0.7314158822675506,0.9128951326175473
16613,71,1,543.95,2,Silver,-0.11809621009893657,-0.5532947556651122,-0.017916275226070165
16614,183,3,1051.94,3,Gold,0.24131215739218803,0.0,0.34089918473435327
16615,627,1,194.2,0,Bronze,0.7115514983716703,-0.5532947556651122,-0.5772212947853614
16616,16,2,389.44,2,Silver,-0.6710172298783336,-0.22963807175534695,-0.19955540706184283
16617,236,1,79.1,0,Bronze,0.3382725808284183,-0.5532947556651122,-1.0624800344227525
16618,32,4,1179.66,2,Silver,-0.4169394232008936,0.17812112660243817,0.40326916740891044
16619,264,4,1625.19,3,Gold,0.3810481513891017,0.17812112660243817,0.5776881148354152
16620,4,6,1406.56,1,Platinum,-1.1397898640591078,0.44670524433488773,0.49903216053597116
16621,52,4,316.71000000000004,2,Silver,-0.23545421519469298,0.17812112660243817,-0.31185300365867863
16622,544,1,147.35,0,Bronze,0.6572518543678934,-0.5532947556651122,-0.7267352957187027
16623,246,4,800.99,3,Gold,0.35410353033640096,0.17812112660243817,0.19258638027620756
16624,81,2,383.69,2,Silver,-0.06827877959900555,-0.22963807175534695,-0.20763797513746918
16625,275,5,1421.71,3,Gold,0.39662737445314583,0.32365668390976515,0.5048644224468987
16626,1,16,2601.06,1,Platinum,-1.4907791133584927,1.1549822427096075,0.8337675583349874
16627,80,1,251.38,0,Bronze,-0.07297889326143023,-0.5532947556651122,-0.4372621848345269
16628,30,7,2034.39,1,Platinum,-0.44088812463316107,0.5532947556651121,0.6999618162584549
16629,74,2,254.55,2,Silver,-0.10245916312994499,-0.22963807175534695,-0.4304621812379007
16630,408,1,46.800000000000004,0,Bronze,0.5472881665990617,-0.5532947556651122,-1.3437208543543793
16631,482,7,1578.29,3,Gold,0.6109906965635722,0.5532947556651121,0.5617455251047445
16632,486,2,406.4,0,Bronze,0.6141499264926369,-0.22963807175534695,-0.1763908726068986
16633,18,6,2266.3,1,Platinum,-0.628411754550284,0.44670524433488773,0.7587443915916999
16634,223,6,1060.1200000000001,3,Gold,0.31666291245839334,0.44670524433488773,0.3451150455838087
16635,407,1,449.3,0,Bronze,0.5463504563202642,-0.5532947556651122,-0.12184868579787521
16636,439,3,1170.04,3,Gold,0.5752739608907629,0.0,0.39881215666270287
16637,33,4,839.16,2,Silver,-0.4055041125939236,0.17812112660243817,0.21791640846034868
16638,23,14,1683.5800000000002,1,Platinum,-0.5389245444443046,1.0550725661773155,0.5969058676878907
16639,32,4,1385.38,2,Silver,-0.4169394232008936,0.17812112660243817,0.49077244090768785
16640,398,1,159.0,0,Bronze,0.5378061364743305,-0.5532947556651122,-0.6855505060447354
16641,106,2,463.78000000000003,3,Gold,0.03365568398640279,-0.22963807175534695,-0.10460643904300268
16642,5,3,832.1700000000001,2,Silver,-1.0699507790131246,0.0,0.21336499582866364
16643,246,2,775.71,3,Gold,0.35410353033640096,-0.22963807175534695,0.17513769571433546
16644,178,2,657.52,3,Gold,0.23075902556077962,-0.22963807175534695,0.08521031626637887
16645,736,1,148.15,0,Bronze,0.7728584931374443,-0.5532947556651122,-0.7238053999562309
16646,450,1,393.6,0,Bronze,0.5847325762132254,-0.5532947556651122,-0.1937817136892376
16647,170,4,413.6,3,Gold,0.21324491414045238,0.17812112660243817,-0.1668471042038528
16648,43,3,532.82,2,Silver,-0.3067415229774418,0.0,-0.029157919026387206
16649,521,1,211.78,0,Bronze,0.6407352330569853,-0.5532947556651122,-0.5302430143923615
16650,72,5,1258.41,3,Gold,-0.11281261657107146,0.32365668390976515,0.4384452309040794
16651,587,1,106.2,0,Bronze,0.6863414516297778,-0.5532947556651122,-0.9037211450367317
16652,59,13,6621.49,1,Platinum,-0.18793529514491986,0.9999999999999998,1.3426800293207086
16653,17,2,930.4300000000001,2,Silver,-0.6491224446677566,-0.22963807175534695,0.2740984621147986
16654,142,8,1041.7,3,Gold,0.14474752734042295,0.6473133678195304,0.3355752240502487
16655,18,13,4527.02,1,Platinum,-0.628411754550284,0.9999999999999998,1.135563385123698
16656,23,21,1507.25,1,Platinum,-0.5389245444443046,1.360790616508975,0.536672015850995
16657,10,4,662.32,2,Silver,-0.8377677575462616,0.17812112660243817,0.0891668271283493
16658,369,6,533.28,3,Gold,0.5089014556812056,0.44670524433488773,-0.02868868008173511
16660,17,5,271.15000000000003,2,Silver,-0.6491224446677566,0.32365668390976515,-0.3961765290853062
16661,541,4,521.96,3,Gold,0.6551374729685795,0.17812112660243817,-0.04035509837447016
16662,395,1,129.35,0,Bronze,0.5349151457132943,-0.5532947556651122,-0.7972027518240572
16664,570,1,83.7,0,Bronze,0.6751035002201241,-0.5532947556651122,-1.0320598700300188
16665,363,1,47.75,0,Bronze,0.5026388454918482,-0.5532947556651122,-1.3329998999480237
16666,20,2,165.63,2,Silver,-0.5900743396182883,-0.22963807175534695,-0.6634315197464569
16667,69,2,477.93,2,Silver,-0.1288871900954514,-0.22963807175534695,-0.08826845235162788
16668,16,13,636.34,1,Platinum,-0.6710172298783336,0.9999999999999998,0.06740069623556207
16669,24,3,1186.08,2,Silver,-0.523287497475313,0.0,0.4062234374284704
16670,31,18,6864.92,1,Platinum,-0.42872664422085277,1.2437665043036517,1.3623456928367836
16671,36,1,81.75,0,Bronze,-0.37311402818699907,-0.5532947556651122,-1.0447485720453564
16672,3,15,2496.5,1,Platinum,-1.2252659960740826,1.1065895113302244,0.811424539831652
16673,680,1,151.23,0,Bronze,0.7425873901406594,-0.5532947556651122,-0.7126701616978918
16674,55,2,293.84,2,Silver,-0.2143633221104263,-0.22963807175534695,-0.35255115141574833
16675,442,2,354.11,0,Bronze,0.5778768324523583,-0.22963807175534695,-0.25122563417369026
16676,34,6,1745.8400000000001,1,Platinum,-0.3944003073798616,0.44670524433488773,0.6166769756934021
16677,412,2,750.1800000000001,3,Gold,0.5510162199438734,-0.22963807175534695,0.15693032412651858
16678,3,12,2146.66,1,Platinum,-1.2252659960740826,0.9408443783721279,0.7292116287391639
16679,367,3,173.1,0,Bronze,0.506825274676598,0.0,-0.6395408717862074
16680,44,2,514.05,2,Silver,-0.2981331953683717,-0.22963807175534695,-0.048658029944256616
16681,78,5,415.6,3,Gold,-0.08255575351694985,0.32365668390976515,-0.16422546208853256
16682,5,4,242.06,2,Silver,-1.0699507790131246,0.17812112660243817,-0.457760784212934
16683,534,1,263.25,0,Bronze,0.6501580505701977,-0.5532947556651122,-0.4122244151264992
16684,139,13,4775.14,1,Platinum,0.13662592718895825,0.9999999999999998,1.1646260672186455
16685,62,2,255.36,2,Silver,-0.16924600527292027,-0.22963807175534695,-0.4287381708679448
16686,48,16,3909.47,1,Platinum,-0.2655131172844102,1.1549822427096075,1.0556843865601722
16687,391,1,54.55,0,Bronze,0.5310262345688197,-0.5532947556651122,-1.2618639422996463
16688,2,4,861.86,2,Silver,-1.3354638962975345,0.17812112660243817,0.23244019766578797
16689,76,2,258.4,2,Silver,-0.09237820086701533,-0.22963807175534695,-0.4223160413228579
16690,73,4,223.88,2,Silver,-0.10760091090258887,0.17812112660243817,-0.5001124470646077
16691,419,2,108.48,0,Bronze,0.5574542615343264,-0.22963807175534695,-0.8922559840993848
16692,290,1,8.5,0,Bronze,0.41689953623697995,-0.5532947556651122,-2.2239341644366872
16693,69,5,897.3,3,Gold,-0.1288871900954514,0.32365668390976515,0.2543683296877189
16694,724,1,7.95,0,Bronze,0.7665701802494287,-0.5532947556651122,-2.2564236713569077
16695,562,2,144.65,0,Bronze,0.6696987621254669,-0.22963807175534695,-0.7367416701430601
16696,136,3,187.5,0,Bronze,0.12832839428870058,0.0,-0.5962485110707466
16697,242,1,100.0,0,Bronze,0.3478494410839376,-0.5532947556651122,-0.9361765846376789
16699,381,6,520.94,3,Gold,0.5211276357740323,0.44670524433488773,-0.04141868700557245
16700,9,25,7207.9800000000005,1,Platinum,-0.8742767467746977,1.49413913403724,1.3889075780876852
16701,9,24,3379.84,1,Platinum,-0.8742767467746977,1.4628317645351008,0.97640127204225
16702,416,4,665.03,3,Gold,0.5547083396853054,0.17812112660243817,0.09138798106604511
16704,619,2,543.0,3,Gold,0.7066404765194538,-0.22963807175534695,-0.018866800966460637
16705,1,36,13465.111,1,Platinum,-1.4907791133584927,1.775773715754242,1.7293102998409076
16706,38,3,398.1,2,Silver,-0.3529486114108498,0.0,-0.18760426861139284
16707,401,4,382.1,3,Gold,0.5406754716705815,0.17812112660243817,-0.20989430919959115
16708,46,1,428.83000000000004,2,Silver,-0.281476029400742,-0.5532947556651122,-0.14719398661845837
16709,85,12,4915.53,1,Platinum,-0.05003464312701457,0.9408443783721279,1.180408401074546
16710,20,22,4803.39,1,Platinum,-0.5900743396182883,1.3962735958823376,1.1678388272006501
16711,27,5,400.28000000000003,2,Silver,-0.47987643939483643,0.32365668390976515,-0.18463664071045738
16712,19,12,3515.78,1,Platinum,-0.6087636294902878,0.9408443783721279,0.99787722010563
16713,19,32,9071.83,1,Platinum,-0.6087636294902878,1.6844473004187401,1.5141825444997088
16714,318,2,973.95,3,Gold,0.45208992017847993,-0.22963807175534695,0.29897574702477453
16715,79,2,81.86,0,Bronze,-0.07773739492146804,-0.22963807175534695,-1.0440248791688869
16717,24,14,5646.22,1,Platinum,-0.523287497475313,1.0550725661773155,1.2558928019119195
16718,370,5,2035.53,3,Gold,0.5099353414845531,0.32365668390976515,0.7002668541087415
16719,15,14,2459.21,1,Platinum,-0.6942397615052628,1.0550725661773155,0.8032291888035246
16720,27,3,459.21999999999997,2,Silver,-0.47987643939483643,0.0,-0.10997768121764309
16721,263,1,262.47,0,Bronze,0.3795999286523362,-0.5532947556651122,-0.41383483629683543
16722,52,20,3782.69,1,Platinum,-0.23545421519469298,1.3236566839097652,1.037729736327433
16723,108,3,678.53,3,Gold,0.04074948778409843,0.0,0.10231982389371048
16724,405,1,147.35,0,Bronze,0.5444681210454952,-0.5532947556651122,-0.7267352957187027
16725,303,14,1453.77,3,Gold,0.43364071458735604,1.0550725661773155,0.5170043831759715
16726,27,7,1743.3,1,Platinum,-0.47987643939483643,0.5532947556651121,0.6158842651507733
16727,365,4,897.77,3,Gold,0.5047377792782392,0.17812112660243817,0.2546532877700846
16728,47,4,877.49,2,Silver,-0.2734114271598946,0.17812112660243817,0.24222005854823023
16729,39,21,5788.86,1,Platinum,-0.3432505122058779,1.360790616508975,1.2694820928251918
16730,53,3,447.03000000000003,2,Silver,-0.2282941103223884,0.0,-0.12460189355270053
16731,649,1,170.3,0,Bronze,0.7247409046957818,-0.5532947556651122,-0.648373568484223
16732,32,4,3250.08,1,Platinum,-0.4169394232008936,0.17812112660243817,0.9550803936453705
16733,530,1,259.68,0,Bronze,0.6472833319553631,-0.5532947556651122,-0.4196344734155131
16734,53,3,424.12,2,Silver,-0.2282941103223884,0.0,-0.15319649382400696
16735,79,14,3834.3700000000003,1,Platinum,-0.07773739492146804,1.0550725661773155,1.0451202713237242
16736,506,4,2324.4,3,Gold,0.6295666734758351,0.17812112660243817,0.7725285206164668
16738,298,1,3.75,0,Bronze,0.4272880904256429,-0.5532947556651122,-2.6015442377879205
16739,177,2,639.98,3,Gold,0.22861305660026304,-0.22963807175534695,0.07050319115932653
16740,396,1,216.96,0,Bronze,0.5358812356518636,-0.5532947556651122,-0.5171396264465076
16741,626,1,173.06,0,Bronze,0.7109410528917252,-0.5532947556651122,-0.6396660501369908
16742,493,13,638.95,3,Gold,0.6196166476208109,0.9999999999999998,0.06962707835604044
16743,30,14,2780.04,1,Platinum,-0.44088812463316107,1.0550725661773155,0.8700068976051633
16744,12,7,983.8100000000001,2,Silver,-0.7737769457562178,0.5532947556651121,0.3044575799644457
16745,87,16,3415.03,1,Platinum,-0.04122840569303163,1.1549822427096075,0.9820423524443562
16746,5,41,11148.89,1,Platinum,-1.0699507790131246,1.8769514395748776,1.626485647691535
16747,38,2,545.21,2,Silver,-0.3529486114108498,-0.22963807175534695,-0.01665813106359744
16748,18,14,3562.69,1,Platinum,-0.628411754550284,1.0550725661773155,1.0050959003727025
16749,592,2,942.08,3,Gold,0.6895849465177739,-0.22963807175534695,0.2808700709255044
16750,45,5,437.98,2,Silver,-0.28971407717663195,0.32365668390976515,-0.13571878178672173
16751,31,1,143.6,2,Silver,-0.42872664422085277,-0.5532947556651122,-0.7406832204240569
16752,373,1,110.6,0,Bronze,0.5130203605027174,-0.5532947556651122,-0.881807631428944
16753,59,1,200.04,0,Bronze,-0.18793529514491986,-0.5532947556651122,-0.5611617183232128
16755,115,7,2391.81,3,Gold,0.06459168165065898,0.5532947556651121,0.7880962301169316
16756,215,7,1080.88,3,Gold,0.3027321242464316,0.5532947556651121,0.3556702553852084
16757,319,2,264.18,0,Bronze,0.45328883964735195,-0.22963807175534695,-0.41031049876849657
16758,66,1,173.06,0,Bronze,-0.14566597995919667,-0.5532947556651122,-0.6396660501369908
16759,8,2,528.92,2,Silver,-0.9146355619521664,-0.22963807175534695,-0.03315257302554395
16760,431,1,228.0,0,Bronze,0.5682452415308415,-0.5532947556651122,-0.490221993589055
16761,97,1,95.4,0,Bronze,0.0,-0.5532947556651122,-0.9615709532290937
16762,20,3,1062.54,2,Silver,-0.5900743396182883,0.0,0.3463560525460841
16763,199,2,494.2,3,Gold,0.2732518543779168,-0.22963807175534695,-0.07006896608820465
16764,4,13,2695.8,1,Platinum,-1.1397898640591078,0.9999999999999998,0.853250087022746
16765,295,2,388.65,0,Bronze,0.42342532366623076,-0.22963807175534695,-0.20065880110482415
16766,274,2,736.4000000000001,3,Gold,0.39523697562132815,-0.22963807175534695,0.14684389247812976
16767,31,14,3636.19,1,Platinum,-0.42872664422085277,1.0550725661773155,1.0162174410416764
16768,48,9,942.97,3,Gold,-0.2655131172844102,0.7314158822675506,0.281383942668532
16769,261,4,851.65,3,Gold,0.3766869529595871,0.17812112660243817,0.22595555989103355
16770,58,9,1489.57,1,Platinum,-0.19437333673537285,0.7314158822675506,0.5302483195551083
16771,34,9,3235.2400000000002,1,Platinum,-0.3944003073798616,0.7314158822675506,0.9525879953619508
16772,424,3,1384.0,3,Gold,0.5619875032892562,0.0,0.4902299016739269
16773,58,3,319.09,2,Silver,-0.19437333673537285,0.0,-0.3077872359351016
16774,68,8,1286.35,3,Gold,-0.13439886011567378,0.6473133678195304,0.45039897384023236
16775,11,16,2266.19,1,Platinum,-0.8044376617287146,1.1549822427096075,0.7587179606678981
16776,61,2,547.56,2,Silver,-0.17537500734875106,-0.22963807175534695,-0.014319327497863424
16777,81,5,1085.08,3,Gold,-0.06827877959900555,0.32365668390976515,0.357781053388291
16778,75,2,196.26,0,Bronze,-0.09738551998146396,-0.22963807175534695,-0.5715022444983133
16779,3,52,12652.59,1,Platinum,-1.2252659960740826,2.0626388370465194,1.6954060106113567
16780,101,3,508.25,3,Gold,0.01532422175144424,0.0,-0.054827581082658915
16781,373,2,503.95000000000005,3,Gold,0.5130203605027174,-0.22963807175534695,-0.059447087317023355
16782,11,38,7933.610000000001,1,Platinum,-0.8044376617287146,1.8177958179470048,1.441155281379605
16783,437,1,391.95,0,Bronze,0.5735288350587067,-0.5532947556651122,-0.19606444370652557
16784,20,5,892.33,2,Silver,-0.5900743396182883,0.32365668390976515,0.25134589250967754
16785,410,1,451.15000000000003,0,Bronze,0.5491567286340684,-0.5532947556651122,-0.11961512749508936
16787,398,4,840.4300000000001,3,Gold,0.5378061364743305,0.17812112660243817,0.2187392795292946
16788,124,5,1859.73,3,Gold,0.09321486910848205,0.32365668390976515,0.65108528027928
16789,9,1,80.80000000000001,2,Silver,-0.8742767467746977,-0.5532947556651122,-1.051038977653032
16790,4,6,1395.5,1,Platinum,-1.1397898640591078,0.44670524433488773,0.49473463780181864
16791,30,15,3536.41,1,Platinum,-0.44088812463316107,1.1065895113302244,1.0010636283647045
16792,283,4,558.11,3,Gold,0.4075725321364264,0.17812112660243817,-0.003941575091135151
16793,58,1,230.64,0,Bronze,-0.19437333673537285,-0.5532947556651122,-0.48397752996183496
16794,2,15,1892.74,1,Platinum,-1.3354638962975345,1.1065895113302244,0.6606650745560394
16795,366,3,1938.66,3,Gold,0.5057829489787685,0.0,0.6737173617463713
16796,90,1,305.62,0,Bronze,-0.028387389076971702,-0.5532947556651122,-0.3312088038993145
16797,394,5,1611.27,3,Gold,0.533946613066845,0.32365668390976515,0.5730048202254425
16798,555,3,628.5600000000001,3,Gold,0.6649062399087572,0.0,0.06070969937449617
16799,433,2,379.33,0,Bronze,0.5700145493304952,-0.22963807175534695,-0.21384761635643343
16800,12,1,928.83,2,Silver,-0.7737769457562178,-0.5532947556651122,0.27316184702282137
16801,164,4,1216.53,3,Gold,0.1995629433829011,0.17812112660243817,0.4200213684509658
16802,680,2,582.61,3,Gold,0.7425873901406594,-0.22963807175534695,0.019422087194850186
16803,66,1,300.8,0,Bronze,-0.14566597995919667,-0.5532947556651122,-0.3398405915572009
16804,24,2,447.38,2,Silver,-0.523287497475313,-0.22963807175534695,-0.12417648180413954
16805,174,4,957.21,3,Gold,0.22210205920393347,0.17812112660243817,0.2895406446941425
16806,104,4,619.61,3,Gold,0.02642802696550642,0.17812112660243817,0.05290943203137227
16807,143,6,1892.22,3,Gold,0.14741690718547343,0.44670524433488773,0.6605154645176491
16808,100,2,161.77,0,Bronze,0.011550255681379957,-0.22963807175534695,-0.6761997791026085
16809,24,9,1727.43,1,Platinum,-0.523287497475313,0.7314158822675506,0.6109050942014779
16810,193,2,554.84,3,Gold,0.26158431917602176,-0.22963807175534695,-0.007137096355893664
16811,5,2,457.27,2,Silver,-1.0699507790131246,-0.22963807175534695,-0.11229085860115345
16812,361,4,1699.24,3,Gold,0.5005283472736304,0.17812112660243817,0.6019467595832346
16813,9,10,1548.17,1,Platinum,-0.8742767467746977,0.8074958608438627,0.5512552739475777
16814,15,36,9749.51,1,Platinum,-0.6942397615052628,1.775773715754242,1.5534256917986469
16815,454,2,371.57,0,Bronze,0.5881149775068232,-0.22963807175534695,-0.22507782717604868
16816,104,4,396.90000000000003,3,Gold,0.02642802696550642,0.17812112660243817,-0.1892447501929574
16817,3,13,1995.19,1,Platinum,-1.2252659960740826,0.9999999999999998,0.6893675086737531
16818,11,11,2547.9300000000003,1,Platinum,-0.8044376617287146,0.8769514395748774,0.8225289479073233
16819,466,2,112.45,0,Bronze,0.598086589367184,-0.22963807175534695,-0.8728508783892914
16820,96,1,342.74,0,Bronze,-0.003928798108388237,-0.5532947556651122,-0.2689537640476051
16821,382,1,51.6,0,Bronze,0.5221290859067854,-0.5532947556651122,-1.2915909600430258
16822,687,1,133.75,0,Bronze,0.7465047087262154,-0.5532947556651122,-0.7791172343806335
16823,228,7,1987.4,3,Gold,0.3251192041624723,0.5532947556651121,0.6872373964912216
16824,16,3,582.44,2,Silver,-0.6710172298783336,0.0,0.019263375997744133
16825,39,5,1228.95,3,Gold,-0.3432505122058779,0.32365668390976515,0.4255504663301821
16826,52,1,328.95,2,Silver,-0.23545421519469298,-0.5532947556651122,-0.29125931412548167
16827,394,4,60.050000000000004,0,Bronze,0.533946613066845,0.17812112660243817,-1.2104317950183283
16828,113,1,113.5,0,Bronze,0.05792969707949422,-0.5532947556651122,-0.8678320669402884
16829,157,2,464.12,3,Gold,0.18295736376746013,-0.22963807175534695,-0.10420806521887839
16830,39,4,1039.0,2,Silver,-0.3432505122058779,0.17812112660243817,0.3341627340031063
16831,565,1,91.8,0,Bronze,0.6717344859119654,-0.5532947556651122,-0.9823048959403614
16832,204,4,163.8,0,Bronze,0.28271046970037933,0.17812112660243817,-0.6694475746678992
16833,2,6,1679.21,1,Platinum,-1.3354638962975345,0.44670524433488773,0.5954908175682364
16834,228,2,513.52,3,Gold,0.3251192041624723,-0.22963807175534695,-0.04921890759418332
16835,129,6,1248.16,3,Gold,0.10823853811198687,0.44670524433488773,0.43399330257610924
16836,40,4,550.0500000000001,2,Silver,-0.33379189688341554,0.17812112660243817,-0.011852098194210788
16837,32,9,2042.43,1,Platinum,-0.4169394232008936,0.7314158822675506,0.7021094992460394
16838,198,4,759.72,3,Gold,0.2713317778885159,0.17812112660243817,0.16380542662872416
16839,9,37,4603.33,1,Platinum,-0.8742767467746977,1.7970612599687639,1.1446679065028948
16840,604,2,100.25,0,Bronze,0.6972590821341742,-0.22963807175534695,-0.9348297948782884
16841,37,12,3001.9900000000002,1,Platinum,-0.36289863726587396,0.9408443783721279,0.9118367197265457
16842,101,3,949.61,3,Gold,0.01532422175144424,0.0,0.2852025501144185
16843,43,31,7372.62,1,Platinum,-0.3067415229774418,1.6598842669953369,1.4012093297025774
16844,563,2,604.26,3,Gold,0.6703785395134462,-0.22963807175534695,0.0392656501304396
16845,619,1,222.48000000000002,0,Bronze,0.7066404765194538,-0.5532947556651122,-0.5035145754035859
16846,51,3,660.25,2,Silver,-0.24275071118739783,0.0,0.0874641045677056
16847,44,2,451.74,2,Silver,-0.2981331953683717,-0.22963807175534695,-0.11890472514370261
16848,53,4,1309.62,3,Gold,-0.2282941103223884,0.17812112660243817,0.46015834807779005
16849,187,1,84.77000000000001,0,Bronze,0.24955020516807794,-0.5532947556651122,-1.0252209169223274
16850,334,1,246.73000000000002,0,Bronze,0.4708363866245982,-0.5532947556651122,-0.44739308500480335
16851,5,3,261.81,2,Silver,-1.0699507790131246,0.0,-0.41520122858776004
16852,11,2,100.4,2,Silver,-0.8044376617287146,-0.22963807175534695,-0.9340233162998945
16854,418,2,1120.38,3,Gold,0.5565411396297061,-0.22963807175534695,0.37520582088188187
16855,24,2,255.8,2,Silver,-0.523287497475313,-0.22963807175534695,-0.42780395316572306
16856,15,3,351.53000000000003,2,Silver,-0.6942397615052628,0.0,-0.25519807432052
16857,443,1,181.20000000000002,0,Bronze,0.578740540727189,-0.5532947556651122,-0.6147670997837108
16858,369,10,2954.61,3,Gold,0.5089014556812056,0.8074958608438627,0.9031729264084952
16859,145,7,1025.91,3,Gold,0.15270050071333854,0.5532947556651121,0.32726237013555154
16860,453,3,774.64,3,Gold,0.5872721730797016,0.0,0.1743866916171369
16861,60,5,669.09,3,Gold,-0.18160367235153863,0.32365668390976515,0.09469875868953394
16862,548,4,403.65000000000003,3,Gold,0.6600529963391973,0.17812112660243817,-0.18008064595251966
16863,32,3,589.71,2,Silver,-0.4169394232008936,0.0,0.026009657892305495
16864,435,2,239.73000000000002,0,Bronze,0.5717757223529184,-0.22963807175534695,-0.46300826065578066
16865,402,1,73.35,0,Bronze,0.5416271602535235,-0.5532947556651122,-1.1030616003353124
16866,141,3,108.24000000000001,0,Bronze,0.14205941485201642,0.0,-0.8934515431312651
16867,690,1,76.74000000000001,0,Bronze,0.7481713732449965,-0.5532947556651122,-1.078772071998567
16868,395,3,254.21,0,Bronze,0.5349151457132943,0.0,-0.43118746876484737
16869,23,4,723.69,2,Silver,-0.5389245444443046,0.17812112660243817,0.13737213673941412
16870,470,1,409.48,0,Bronze,0.6013535981482184,-0.5532947556651122,-0.1722877803026733
16871,23,6,2157.59,1,Platinum,-0.5389245444443046,0.44670524433488773,0.7319771051683054
16872,428,3,88.65,0,Bronze,0.5655758616857911,0.0,-1.001117891332105
16873,5,12,8724.720000000001,1,Platinum,-1.0699507790131246,0.9408443783721279,1.4929312359660907
16874,380,1,199.94,0,Bronze,0.5201235606051635,-0.5532947556651122,-0.5614327647391794
16875,68,11,3273.88,1,Platinum,-0.13439886011567378,0.8769514395748774,0.959053979316283
16876,404,1,108.05,0,Bronze,0.5435234733223643,-0.5532947556651122,-0.8943998916619321
16877,13,6,785.02,2,Silver,-0.7453895566792464,0.44670524433488773,0.1816288058136633
16878,85,1,13.3,0,Bronze,-0.05003464312701457,-0.5532947556651122,-2.001138281939267
16880,31,8,1363.63,1,Platinum,-0.42872664422085277,0.6473133678195304,0.4821580565096658
16882,67,3,474.24,2,Silver,-0.1399909953095136,0.0,-0.09248202881365541
16883,188,18,1408.51,1,Platinum,0.2515823290724479,1.2437665043036517,0.49978635813921646
16884,38,4,738.49,2,Silver,-0.3529486114108498,0.17812112660243817,0.14838575812376698
16885,16,4,563.1700000000001,2,Silver,-0.6710172298783336,0.17812112660243817,0.0009665263929742544
16886,457,1,134.0,0,Bronze,0.5906323214468823,-0.5532947556651122,-0.7781074543320918
16887,36,3,591.22,2,Silver,-0.37311402818699907,0.0,0.02740046289161959
16888,401,3,280.35,0,Bronze,0.5406754716705815,0.0,-0.37806486696708164
16889,195,6,1769.94,3,Gold,0.2655131172844096,0.44670524433488773,0.6241415194418748
16890,583,1,108.28999999999999,0,Bronze,0.6837267352821585,-0.5532947556651122,-0.8932022518716121
16891,2,11,1590.04,1,Platinum,-1.3354638962975345,0.8769514395748774,0.5657836848084885
16892,2,7,573.89,2,Silver,-1.3354638962975345,0.5532947556651121,0.011220899439519637
16893,367,2,217.24,0,Bronze,0.506825274676598,-0.22963807175534695,-0.5164402346472845
16894,503,2,986.69,3,Gold,0.6272933465803097,-0.22963807175534695,0.30604841039681846
16895,65,5,995.9100000000001,3,Gold,-0.1514263059164838,0.32365668390976515,0.31111025915055607
16896,556,1,73.4,0,Bronze,0.6655945679602779,-0.5532947556651122,-1.1026953642339803
16897,300,2,219.48000000000002,0,Bronze,0.4298417962678217,-0.22963807175534695,-0.5108771910306066
16898,27,5,719.56,2,Silver,-0.47987643939483643,0.32365668390976515,0.1342585830308144
16899,8,8,1498.2,1,Platinum,-0.9146355619521664,0.6473133678195304,0.5333933317082953
16900,17,3,645.84,2,Silver,-0.6491224446677566,0.0,0.07546104311009043
16901,730,1,126.16000000000001,0,Bronze,0.7697272403531444,-0.5532947556651122,-0.8107006736038528
16902,117,1,1040.44,3,Gold,0.07113978054903715,-0.5532947556651122,0.334916517753457
16903,30,3,880.97,2,Silver,-0.44088812463316107,0.0,0.24437384060121253
16904,5,20,4089.21,1,Platinum,-1.0699507790131246,1.3236566839097652,1.0801659428266621
16905,6,17,3466.41,1,Platinum,-1.0109026739636562,1.2006081234846424,0.9901752394877044
16906,82,7,1079.76,3,Gold,-0.06363563841494821,0.5532947556651121,0.355105991914277
16907,30,9,883.63,1,Platinum,-0.44088812463316107,0.7314158822675506,0.24601439956702104
16908,723,1,252.59,0,Bronze,0.76604146455804,-0.5532947556651122,-0.43465657408811414
16909,73,1,215.70000000000002,0,Bronze,-0.10760091090258887,-0.5532947556651122,-0.5202980487065187
16910,5,8,1372.36,1,Platinum,-1.0699507790131246,0.6473133678195304,0.48563207370480044
16911,636,2,210.85,0,Bronze,0.7170021676022745,-0.22963807175534695,-0.5326292926000921
16912,29,14,3495.2200000000003,1,Platinum,-0.4534484124293297,1.0550725661773155,0.9946829721790574
16913,291,2,56.18,0,Bronze,0.41821361799774853,-0.22963807175534695,-1.2461086497273641
16914,37,1,113.86,0,Bronze,-0.36289863726587396,-0.5532947556651122,-0.8661219205683827
16915,10,9,476.1,2,Silver,-0.8377677575462616,0.7314158822675506,-0.09035403884452094
16916,24,4,794.25,2,Silver,-0.523287497475313,0.17812112660243817,0.18798868268682334
16917,277,2,643.11,3,Gold,0.39939312262434723,-0.22963807175534695,0.07315693963746879
16918,50,16,2788.7400000000002,1,Platinum,-0.2501888955329656,1.1549822427096075,0.8717084749860948
16919,157,23,4644.99,1,Platinum,0.18295736376746013,1.4302461952399896,1.1495748781774884
16920,412,1,259.6,0,Bronze,0.5510162199438734,-0.5532947556651122,-0.419801685258512
16921,62,3,265.36,2,Silver,-0.16924600527292027,0.0,-0.40789172709121096
16922,573,1,572.4300000000001,0,Bronze,0.6771107770802407,-0.5532947556651122,0.009835617198176296
16923,13,28,10701.92,1,Platinum,-0.7453895566792464,1.5813058963946443,1.604197202968461
16924,22,3,791.97,2,Silver,-0.555227194461042,0.0,0.18642455360628638
16925,541,1,94.15,0,Bronze,0.6551374729685795,-0.5532947556651122,-0.9686811583125221
16926,372,5,774.91,3,Gold,0.5119947790129729,0.32365668390976515,0.17457629500747918
16927,277,2,139.85,0,Bronze,0.39939312262434723,-0.22963807175534695,-0.7549976587709085
16928,81,26,1982.74,1,Platinum,-0.06827877959900555,1.5242648073944076,0.6859591645233286
16929,4,7,1061.8700000000001,2,Silver,-1.1397898640591078,0.5532947556651121,0.3460127508753603
16930,27,3,350.81,2,Silver,-0.47987643939483643,0.0,-0.2563118517188752
16931,6,23,4821.92,1,Platinum,-1.0109026739636562,1.4302461952399896,1.1699359270312328
16932,54,3,373.9,2,Silver,-0.22126539096246675,0.0,-0.2216814832125403
16933,2,9,2494.32,1,Platinum,-1.3354638962975345,0.7314158822675506,0.8109488118269027
16934,55,6,1771.14,3,Gold,-0.2143633221104263,0.44670524433488773,0.6245105381720493
16935,382,3,530.86,3,Gold,0.5221290859067854,0.0,-0.031161827361308295
16936,26,2,532.5,2,Silver,-0.4938072276067984,-0.22963807175534695,-0.029484584661607867
16937,500,1,196.25,0,Bronze,0.6250064475035297,-0.5532947556651122,-0.571529862362516
16938,9,9,5454.84,1,Platinum,-0.8742767467746977,0.7314158822675506,1.2371106657308115
16939,489,3,340.44,3,Gold,0.6165023665837945,0.0,-0.2726111677100872
16940,53,8,5577.24,1,Platinum,-0.2282941103223884,0.6473133678195304,1.2491974622254265
16941,612,1,33.0,0,Bronze,0.7022910685529531,-0.5532947556651122,-1.5293070943713936
16942,13,9,1711.0,1,Platinum,-0.7453895566792464,0.7314158822675506,0.6057018256071799
16943,212,3,596.38,3,Gold,0.2973746319129746,0.0,0.032126526643747114
16944,610,1,101.36,0,Bronze,0.7010392554859429,-0.5532947556651122,-0.9288899338625615
16945,22,32,7434.6900000000005,1,Platinum,-0.555227194461042,1.6844473004187401,1.4057759780489547
16946,384,5,1162.19,3,Gold,0.5241241657167796,0.32365668390976515,0.39514798549124897
16947,236,4,641.5500000000001,3,Gold,0.3382725808284183,0.17812112660243817,0.07183592047535231
16948,139,7,377.3,3,Gold,0.13662592718895825,0.5532947556651121,-0.2167631306001751
16949,4,6,535.46,2,Silver,-1.1397898640591078,0.44670524433488773,-0.02647037551885171
16950,57,10,1709.42,1,Platinum,-0.200921435633751,0.8074958608438627,0.605198821051405
16951,135,3,887.04,3,Gold,0.1255221219748964,0.0,0.2481103216122417
16952,110,4,668.6,3,Gold,0.047714306158368955,0.17812112660243817,0.09430024807855947
16953,31,1,20.8,0,Bronze,-0.42872664422085277,-0.5532947556651122,-1.7714331699206318
16954,17,17,2294.38,1,Platinum,-0.6491224446677566,1.2006081234846424,0.7654498840978914
16955,185,6,648.02,3,Gold,0.2454533269966171,0.44670524433488773,0.07729397752153633
16956,18,1,225.04,2,Silver,-0.628411754550284,-0.5532947556651122,-0.4973095473791543
16957,240,2,361.24,0,Bronze,0.34468368374608005,-0.22963807175534695,-0.24039582422838002
16958,436,1,663.95,3,Gold,0.5726532816315767,-0.5532947556651122,0.0905038830273666
16959,88,1,117.35000000000001,0,Bronze,-0.036900060684146946,-0.5532947556651122,-0.8498154944329522
16960,39,8,1827.56,1,Platinum,-0.3432505122058779,0.6473133678195304,0.64158432268402
16961,117,3,652.91,3,Gold,0.07113978054903715,0.0,0.08138317345556116
16962,410,1,225.49,0,Bronze,0.5491567286340684,-0.5532947556651122,-0.49622608611956304
16963,188,1,110.55000000000001,0,Bronze,0.2515823290724479,-0.5532947556651122,-0.8820517614712162
16964,734,2,141.85,0,Bronze,0.7718175836447527,-0.22963807175534695,-0.7473165138249109
16965,227,1,137.89000000000001,0,Bronze,0.3234428143639042,-0.5532947556651122,-0.7626317388900806
16966,45,1,3.25,0,Bronze,-0.28971407717663195,-0.5532947556651122,-2.6621373144250935
16967,190,1,238.79999999999998,0,Bronze,0.2556145184896223,-0.5532947556651122,-0.46511694265342635
16968,5,2,390.55,2,Silver,-1.0699507790131246,-0.22963807175534695,-0.19800883494157062
16969,40,3,410.3,2,Silver,-0.33379189688341554,0.0,-0.17120058758433906
16970,627,1,71.4,0,Bronze,0.7115514983716703,-0.5532947556651122,-1.1175403203586465
16971,39,1,132.96,0,Bronze,-0.3432505122058779,-0.5532947556651122,-0.7823204975442162
16972,383,2,644.5,3,Gold,0.5231279246933352,-0.22963807175534695,0.07433130891769757
16973,387,1,127.0,0,Bronze,0.5270974364604317,-0.5532947556651122,-0.8071137975689752
16974,523,2,365.5,0,Bronze,0.6422000702439971,-0.22963807175534695,-0.23402654859284508
16975,424,2,578.72,3,Gold,0.5619875032892562,-0.22963807175534695,0.015778774911154387
16977,396,4,342.5,3,Gold,0.5358812356518636,0.17812112660243817,-0.2693342607840187
16978,78,3,539.38,3,Gold,-0.08255575351694985,0.0,-0.022504081436956352
16979,4,9,2004.58,1,Platinum,-1.1397898640591078,0.7314158822675506,0.6919241062396246
16980,256,3,1024.46,3,Gold,0.36930609922216334,0.0,0.32649260094896365
16982,61,1,384.06,2,Silver,-0.17537500734875106,-0.5532947556651122,-0.20711425392356042
16983,13,11,2281.73,1,Platinum,-0.7453895566792464,0.8769514395748774,0.7624392809370132
16984,89,9,7137.2300000000005,1,Platinum,-0.032620078083961696,0.7314158822675506,1.3835346551045506
16985,18,21,6632.8,1,Platinum,-0.628411754550284,1.360790616508975,1.3436096137056632
16986,31,10,2156.75,1,Platinum,-0.42872664422085277,0.8074958608438627,0.7317650681197146
16987,4,10,2282.25,1,Platinum,-1.1397898640591078,0.8074958608438627,0.7625633654117306
16988,6,2,241.57,2,Silver,-1.0109026739636562,-0.22963807175534695,-0.4588601414144797
16989,80,2,70.95,0,Bronze,-0.07297889326143023,-0.22963807175534695,-1.120936926874027
16991,422,1,892.0500000000001,3,Gold,0.560180639289994,-0.5532947556651122,0.25117511436425616
16992,11,13,4036.3900000000003,1,Platinum,-0.8044376617287146,0.9999999999999998,1.0730850129201814
16993,464,2,824.1,3,Gold,0.5964425762960016,-0.22963807175534695,0.20806262832396416
16996,31,9,1772.99,1,Platinum,-0.42872664422085277,0.7314158822675506,0.625078952767582
16997,289,2,117.0,0,Bronze,0.41558093095004384,-0.22963807175534695,-0.851428964307727
16998,150,3,32.4,0,Bronze,0.16559917586154602,0.0,-1.5390066297693714
16999,24,2,296.46,2,Silver,-0.523287497475313,-0.22963807175534695,-0.3477315569481681
17000,397,2,235.9,0,Bronze,0.5368448951729259,-0.22963807175534695,-0.47174530603729553
17001,1,19,4772.900000000001,1,Platinum,-1.4907791133584927,1.2847106379326625,1.164370508358985
17002,86,7,1494.75,3,Gold,-0.045606218572792845,0.5532947556651121,0.5321382331904099
17003,403,4,815.46,3,Gold,0.5425764902501999,0.17812112660243817,0.20232794952909333
17004,47,4,1084.94,3,Gold,-0.2734114271598946,0.17812112660243817,0.35771082506135543
17005,589,1,66.35,0,Bronze,0.6876421471328317,-0.5532947556651122,-1.1569294885396109
17006,5,8,1471.96,1,Platinum,-1.0699507790131246,0.6473133678195304,0.5237738641238107
17007,51,7,874.6700000000001,3,Gold,-0.24275071118739783,0.5532947556651121,0.24046848497267417
17009,552,1,40.53,0,Bronze,0.6628338031622965,-0.5532947556651122,-1.4203216052586325
17010,19,1,161.88,2,Silver,-0.6087636294902878,-0.5532947556651122,-0.6758317435914609
17011,31,2,351.9,2,Silver,-0.42872664422085277,-0.22963807175534695,-0.254626601020085
17012,726,1,276.37,0,Bronze,0.7676254273564499,-0.5532947556651122,-0.38582634274139466
17014,9,3,449.73,2,Silver,-0.8742767467746977,0.0,-0.12132871692830251
17015,29,3,1280.51,2,Silver,-0.4534484124293297,0.0,0.4479220008846041
17016,577,1,322.45,0,Bronze,0.6797708881706453,-0.5532947556651122,-0.3020984998859927
17017,3,28,4364.11,1,Platinum,-1.2252659960740826,1.5813058963946443,1.1156020403980378
17018,41,5,1830.5,3,Gold,-0.3245612223338783,0.32365668390976515,0.6424595227158811
17019,12,11,3178.97,1,Platinum,-0.7737769457562178,0.8769514395748774,0.9430324036333051
17020,543,2,750.94,3,Gold,0.656548356543716,-0.22963807175534695,0.15748121817655372
17021,443,5,344.24,3,Gold,0.578740540727189,0.32365668390976515,-0.26658166163123137
17022,32,2,166.22,2,Silver,-0.4169394232008936,-0.22963807175534695,-0.6615059946247243
17023,418,3,686.32,3,Gold,0.5565411396297061,0.0,0.1085295065843559
17024,100,1,25.0,0,Bronze,0.011550255681379957,-0.5532947556651122,-1.6754509242773
17025,374,4,323.15,3,Gold,0.5140432034538499,0.17812112660243817,-0.3009207868697266
17026,370,2,41.4,0,Bronze,0.5099353414845531,-0.22963807175534695,-1.4090271395542084
17027,79,8,994.77,3,Gold,-0.07773739492146804,0.6473133678195304,0.3104869328631462
17028,582,3,1448.04,3,Gold,0.6830702579019478,0.0,0.5148543998339401
17029,437,2,314.8,0,Bronze,0.5735288350587067,-0.22963807175534695,-0.3151379578250802
17030,64,1,92.45,0,Bronze,-0.1572745791724231,-0.5532947556651122,-0.9785024158891382
17031,12,4,603.95,2,Silver,-0.7737769457562178,0.17812112660243817,0.038986557048148546
17032,604,5,2530.87,3,Gold,0.6972590821341742,0.32365668390976515,0.8188705017719279
17033,87,4,628.89,3,Gold,-0.04122840569303163,0.17812112660243817,0.060995182948412316
17034,17,5,854.8100000000001,2,Silver,-0.6491224446677566,0.32365668390976515,0.22797081888756388
17035,246,3,355.48,3,Gold,0.35410353033640096,0.0,-0.24912795351758482
17036,384,1,84.55,0,Bronze,0.5241241657167796,-0.5532947556651122,-1.0266200626791138
17037,88,1,1214.28,3,Gold,-0.036900060684146946,-0.5532947556651122,0.41901368864451544
17038,31,2,456.6,2,Silver,-0.42872664422085277,-0.22963807175534695,-0.11308791518310077
17039,605,1,1094.41,3,Gold,0.6978917073111578,-0.5532947556651122,0.3624409810090588
17040,138,2,241.1,0,Bronze,0.13388000533993724,-0.22963807175534695,-0.45991671551628194
17041,27,6,1260.45,2,Silver,-0.47987643939483643,0.44670524433488773,0.4393269487703911
17042,3,5,855.5,2,Silver,-1.2252659960740826,0.32365668390976515,0.2284098697424829
17043,33,8,1719.05,1,Platinum,-0.4055041125939236,0.6473133678195304,0.6082574155857583
17044,382,7,2049.23,3,Gold,0.5221290859067854,0.5532947556651121,0.7039193620253992
17045,114,4,499.29,3,Gold,0.0612751721227529,0.17812112660243817,-0.06449797105643709
17046,158,4,925.6700000000001,3,Gold,0.185374119150675,0.17812112660243817,0.271307288022549
17047,86,6,2013.15,3,Gold,-0.045606218572792845,0.44670524433488773,0.6942470179466952
17048,118,7,1448.42,3,Gold,0.0743723268009127,0.5532947556651121,0.5149972446202524
17049,3,19,7813.9800000000005,1,Platinum,-1.2252659960740826,1.2847106379326625,1.4328791512898058
17050,97,10,3274.37,1,Platinum,0.0,0.8074958608438627,0.959135484702734
17051,195,4,682.62,3,Gold,0.2655131172844096,0.17812112660243817,0.10558893039455246
17052,29,1,350.08,2,Silver,-0.4534484124293297,-0.5532947556651122,-0.2574434277963297
17053,131,1,373.08000000000004,0,Bronze,0.11408681136792621,-0.5532947556651122,-0.22287434990125973
17054,29,5,856.88,2,Silver,-0.4534484124293297,0.32365668390976515,0.2292869113447767
17055,446,1,222.9,0,Bronze,0.5813200417718559,-0.5532947556651122,-0.5024917041848966
17056,739,1,128.60000000000002,0,Bronze,0.7744145729656157,-0.5532947556651122,-0.8003463045755345
17057,597,1,269.24,0,Bronze,0.6928012077100526,-0.5532947556651122,-0.4000133505801017
17058,82,3,829.96,3,Gold,-0.06363563841494821,0.0,0.21191804629220418
17059,30,9,4055.92,1,Platinum,-0.44088812463316107,0.7314158822675506,1.0757138965300312
17060,267,1,50.400000000000006,0,Bronze,0.3853602546096233,-0.5532947556651122,-1.30416327601078
17061,74,7,1808.2,3,Gold,-0.10245916312994499,0.5532947556651121,0.635785717814887
17062,314,6,851.64,3,Gold,0.4472563613108746,0.44670524433488773,0.22594917064134293
17063,22,13,3247.14,1,Platinum,-0.555227194461042,0.9999999999999998,0.9545875215533111
17064,59,3,713.65,2,Silver,-0.18793529514491986,0.0,0.12977192891964506
17065,638,2,75.30000000000001,0,Bronze,0.7182029662583425,-0.22963807175534695,-1.088957745230747
17066,727,1,228.34,0,Bronze,0.7681519627762583,-0.5532947556651122,-0.48941375544598437
17067,725,3,161.5,0,Bronze,0.7670981671801571,0.0,-0.6771041945263541
17068,13,47,8713.36,1,Platinum,-0.7453895566792464,1.983540950905102,1.492221530702986
17069,29,14,3971.56,1,Platinum,-0.4534484124293297,1.0550725661773155,1.0642663284114098
17070,115,2,407.02,3,Gold,0.06459168165065898,-0.22963807175534695,-0.17556243745244654
17071,29,13,3093.08,1,Platinum,-0.4534484124293297,0.9999999999999998,0.9281158028900621
17072,626,1,208.15,0,Bronze,0.7109410528917252,-0.5532947556651122,-0.5396170163685903
17073,18,4,1270.52,2,Silver,-0.628411754550284,0.17812112660243817,0.44365856346526983
17074,563,1,11.8,0,Bronze,0.6703785395134462,-0.5532947556651122,-2.0615073091469145
17075,18,10,2056.28,1,Platinum,-0.628411754550284,0.8074958608438627,0.7057894370060811
17076,37,6,832.43,2,Silver,-0.36289863726587396,0.44670524433488773,0.21353497279734757
17078,37,2,46.519999999999996,0,Bronze,-0.36289863726587396,-0.22963807175534695,-1.3469213950425387
17079,79,1,118.80000000000001,0,Bronze,-0.07773739492146804,-0.5532947556651122,-0.8431815643666278
17080,23,5,460.3,2,Silver,-0.5389245444443046,0.32365668390976515,-0.10870075061601385
17081,26,6,790.94,2,Silver,-0.4938072276067984,0.44670524433488773,0.18571647611972264
17082,34,6,3388.09,1,Platinum,-0.3944003073798616,0.44670524433488773,0.9777290274877454
17083,110,9,1560.58,3,Gold,0.047714306158368955,0.7314158822675506,0.5556019480697111
17084,36,3,3348.38,3,Gold,-0.37311402818699907,0.0,0.9713081893614864
17085,124,28,7154.37,1,Platinum,0.09321486910848205,1.5813058963946443,1.3848411794517292
17086,8,6,1099.22,2,Silver,-0.9146355619521664,0.44670524433488773,0.36482788373744846
17087,738,1,171.13,0,Bronze,0.7738965817337441,-0.5532947556651122,-0.6457403383649621
17088,29,4,1746.1100000000001,2,Silver,-0.4534484124293297,0.17812112660243817,0.6167611724157077
17089,387,1,128.45,0,Bronze,0.5270974364604317,-0.5532947556651122,-0.8009771977325688
17090,5,10,1526.41,1,Platinum,-1.0699507790131246,0.8074958608438627,0.5435489719136868
17091,3,19,6614.29,1,Platinum,-1.2252659960740826,1.2847106379326625,1.3420874240826224
17092,51,10,4535.01,1,Platinum,-0.24275071118739783,0.8074958608438627,1.1365238326966538
17093,593,1,235.88,0,Bronze,0.6902303627742525,-0.5532947556651122,-0.4717913000581946
17094,323,2,372.20000000000005,0,Bronze,0.45804734130738944,-0.22963807175534695,-0.2241574118330456
17095,23,7,1755.25,1,Platinum,-0.5389245444443046,0.5532947556651121,0.6196037381721644
17096,16,11,2833.54,1,Platinum,-0.6710172298783336,0.8769514395748774,0.8803874486745651
17097,3,9,988.66,1,Platinum,-1.2252659960740826,0.7314158822675506,0.30713391314555066
17098,382,3,450.82,3,Gold,0.5221290859067854,0.0,-0.12001287553419804
17099,534,1,498.97,0,Bronze,0.6501580505701977,-0.5532947556651122,-0.06484653719647172
17100,19,2,863.62,2,Silver,-0.6087636294902878,-0.22963807175534695,0.23355026135268986
17101,30,6,1400.0300000000002,2,Silver,-0.44088812463316107,0.44670524433488773,0.49649893577419435
17103,723,1,272.2,0,Bronze,0.76604146455804,-0.5532947556651122,-0.3940787361227889
17104,424,1,461.28000000000003,0,Bronze,0.5619875032892562,-0.5532947556651122,-0.10754463884014943
17105,160,2,595.46,3,Gold,0.19016236221820432,-0.22963807175534695,0.031286892882088364
17106,390,1,423.43,0,Bronze,0.530047806303527,-0.5532947556651122,-0.15408142266163138
17107,34,10,11193.37,1,Platinum,-0.3944003073798616,0.8074958608438627,1.6286545874106417
17108,664,1,174.95,0,Bronze,0.7334801687127572,-0.5532947556651122,-0.6337825783037232
17109,30,8,944.89,2,Silver,-0.44088812463316107,0.6473133678195304,0.2824908718864388
17110,166,3,249.4,0,Bronze,0.20417811315816187,0.0,-0.44155297767851537
17111,48,2,363.91,2,Silver,-0.2655131172844102,-0.22963807175534695,-0.23639511202791152
17112,503,1,197.57,0,Bronze,0.6272933465803097,-0.5532947556651122,-0.5678963561037481
17113,575,6,1948.0900000000001,3,Gold,0.6784431417542934,0.44670524433488773,0.6763594701097483
17114,6,8,572.32,2,Silver,-1.0109026739636562,0.6473133678195304,0.009731103781987232
17115,9,7,2159.83,1,Platinum,-0.8742767467746977,0.5532947556651121,0.7325421341551006
17116,649,1,348.74,0,Bronze,0.7247409046957818,-0.5532947556651122,-0.25952670444681153
17117,289,1,106.25,0,Bronze,0.41558093095004384,-0.5532947556651122,-0.9034671109075244
17118,318,1,111.9,0,Bronze,0.45208992017847993,-0.5532947556651122,-0.8754983490215843
17119,4,2,478.37,2,Silver,-1.1397898640591078,-0.22963807175534695,-0.08776818826702326
17120,234,1,256.46,0,Bronze,0.3350263371830528,-0.5532947556651122,-0.4264056236190017
17121,403,1,255.04000000000002,0,Bronze,0.5425764902501999,-0.5532947556651122,-0.4294186095889903
17122,120,4,464.90000000000003,3,Gold,0.08075671555037933,0.17812112660243817,-0.10329524805064585
17123,162,3,451.05,3,Gold,0.19489148966269906,0.0,-0.11973562654008743
17124,186,1,294.24,0,Bronze,0.24750724321830736,-0.5532947556651122,-0.3518125718825899
17125,51,1,167.03,0,Bronze,-0.24275071118739783,-0.5532947556651122,-0.6588735140005789
17126,153,9,1740.76,3,Gold,0.17313491641739467,0.7314158822675506,0.6150903994441542
17127,429,5,815.85,3,Gold,0.5664677234567803,0.32365668390976515,0.20258811167139473
17128,335,1,127.09,0,Bronze,0.47197812951935153,-0.5532947556651122,-0.8067308864186937
17129,521,1,31.85,0,Bronze,0.6407352330569853,-0.5532947556651122,-1.5480521779342924
17131,6,5,1888.52,1,Platinum,-1.0109026739636562,0.32365668390976515,0.6594497436329942
17132,453,2,595.55,3,Gold,0.5872721730797016,-0.22963807175534695,0.03136908809639859
17133,16,5,52.38,2,Silver,-0.6710172298783336,0.32365668390976515,-1.283571841468877
17134,107,3,535.75,3,Gold,0.0372190069620216,0.0,-0.026175959521783095
17135,17,8,829.4,2,Silver,-0.6491224446677566,0.6473133678195304,0.21155078733270866
17136,663,1,176.0,0,Bronze,0.7329037134382814,-0.5532947556651122,-0.6305412315026907
17137,417,6,1078.81,3,Gold,0.555625835830767,0.44670524433488773,0.3546269170362999
17138,276,7,3626.9700000000003,3,Gold,0.3980127447067781,0.5532947556651121,1.0148347215756046
17139,16,25,14301.74,1,Platinum,-0.6710172298783336,1.49413913403724,1.7621466264831112
17140,248,1,115.42,0,Bronze,0.35719269593041963,-0.5532947556651122,-0.8587727011827803
17141,419,4,670.4300000000001,3,Gold,0.5574542615343264,0.17812112660243817,0.09578707690211141
17142,240,4,801.6,3,Gold,0.34468368374608005,0.17812112660243817,0.1930005838870228
17143,418,2,678.17,3,Gold,0.5565411396297061,-0.22963807175534695,0.10203113701733414
17144,2,2,833.98,2,Silver,-1.3354638962975345,-0.22963807175534695,0.21454719799650634
17145,513,4,2149.7000000000003,3,Gold,0.6348192165065734,0.17812112660243817,0.7299822109444601
17146,106,13,4225.85,1,Platinum,0.03365568398640279,0.9999999999999998,1.0980676810635557
17147,23,9,1809.0800000000002,1,Platinum,-0.5389245444443046,0.7314158822675506,0.6360506340678628
17148,52,1,124.88,0,Bronze,-0.23545421519469298,-0.5532947556651122,-0.816212209001069
17149,452,1,143.10000000000002,0,Bronze,0.5864275102069142,-0.5532947556651122,-0.7425702198175338
17150,377,6,1206.25,3,Gold,0.5170954463568579,0.44670524433488773,0.415402118303761
17151,736,1,231.90000000000003,0,Bronze,0.7728584931374443,-0.5532947556651122,-0.48102226380443475
17152,195,3,382.4,3,Gold,0.2655131172844096,0.0,-0.20946786989780586
17153,25,1,213.78,2,Silver,-0.5082638284718078,-0.5532947556651122,-0.5251463715476651
17154,76,1,188.7,0,Bronze,-0.09237820086701533,-0.5532947556651122,-0.5927914322231945
17155,18,6,477.32,2,Silver,-0.628411754550284,0.44670524433488773,-0.08896276107957103
17156,492,1,554.3100000000001,0,Bronze,0.618840447846408,-0.5532947556651122,-0.007656794681789702
17157,8,18,1851.84,1,Platinum,-0.9146355619521664,1.2437665043036517,0.6487703700826094
17158,33,5,1399.6200000000001,2,Silver,-0.4055041125939236,0.32365668390976515,0.4963394881376358
17159,22,5,1640.45,2,Silver,-0.555227194461042,0.32365668390976515,0.5827764017619674
17160,32,17,8804.04,1,Platinum,-0.4169394232008936,1.2006081234846424,1.497861078311421
17161,445,1,754.8100000000001,3,Gold,0.5804621366929893,-0.5532947556651122,0.16027782032855364
17162,29,10,1259.14,1,Platinum,-0.4534484124293297,0.8074958608438627,0.4387609115793458
17163,22,4,403.08000000000004,2,Silver,-0.555227194461042,0.17812112660243817,-0.18084857214331201
17164,33,7,2117.9,1,Platinum,-0.4055041125939236,0.5532947556651121,0.7218670700057104
17165,285,6,1418.63,3,Gold,0.41026064462483297,0.44670524433488773,0.5036837675697174
17166,39,2,206.34,2,Silver,-0.3432505122058779,-0.22963807175534695,-0.5443520692815177
17167,380,3,742.8,3,Gold,0.5201235606051635,0.0,0.15155168244720033
17168,499,1,330.77,0,Bronze,0.6242411036773017,-0.5532947556651122,-0.28826259301041984
17169,58,3,1016.88,3,Gold,-0.19437333673537285,0.0,0.322450765142823
17170,375,2,88.2,0,Bronze,0.515063322452488,-0.22963807175534695,-1.0038592924885463
17171,290,2,258.49,0,Bronze,0.41689953623697995,-0.22963807175534695,-0.4221270615517663
17172,79,3,276.38,2,Silver,-0.07773739492146804,0.0,-0.38580670232029424
17173,6,7,2565.1,1,Platinum,-1.0109026739636562,0.5532947556651121,0.8261863427406642
17174,218,1,59.9,0,Bronze,0.3080157177742967,-0.5532947556651122,-1.2117719584991402
17175,45,4,777.64,2,Silver,-0.28971407717663195,0.17812112660243817,0.17648969824426508
17176,202,3,464.34000000000003,3,Gold,0.2789550037610853,0.0,-0.10395044906798447
17177,506,1,94.60000000000001,0,Bronze,0.6295666734758351,-0.5532947556651122,-0.966110781003146
17178,732,1,276.76,0,Bronze,0.7707738378829085,-0.5532947556651122,-0.38506089052213893
17179,179,6,1497.31,3,Gold,0.2328930392004483,0.44670524433488773,0.5330698293248917
17180,57,11,1398.14,1,Platinum,-0.200921435633751,0.8769514395748774,0.49576353246870947
17181,58,2,68.58,0,Bronze,-0.19437333673537285,-0.22963807175534695,-1.1391838038623199
17182,423,2,321.3,0,Bronze,0.5610851366585369,-0.22963807175534695,-0.30403885844443507
17183,8,6,800.51,2,Silver,-0.9146355619521664,0.44670524433488773,0.1922602280163846
17184,570,2,198.41000000000003,0,Bronze,0.6751035002201241,-0.22963807175534695,-0.565596679381718
17185,592,3,229.46,0,Bronze,0.6895849465177739,0.0,-0.48675977315550384
17187,227,2,189.35000000000002,0,Bronze,0.3234428143639042,-0.22963807175534695,-0.5909279676137659
17188,12,13,2366.69,1,Platinum,-0.7737769457562178,0.9999999999999998,0.7823468740985295
17189,107,5,880.04,3,Gold,0.0372190069620216,0.32365668390976515,0.2437990941226425
17190,59,5,795.98,3,Gold,-0.18793529514491986,0.32365668390976515,0.1891725106044499
17191,29,15,3539.59,1,Platinum,-0.4534484124293297,1.1065895113302244,1.0015531418910226
17192,537,1,52.45,0,Bronze,0.6523000195677051,-0.5532947556651122,-1.2828579158286528
17193,36,5,400.78,2,Silver,-0.37311402818699907,0.32365668390976515,-0.18395826518358732
17194,361,2,411.85,0,Bronze,0.5005283472736304,-0.22963807175534695,-0.16915143615578684
17195,656,1,306.42,0,Bronze,0.7288440521196645,-0.5532947556651122,-0.32978928337700336
17196,428,1,287.95,0,Bronze,0.5655758616857911,-0.5532947556651122,-0.3635442845061607
17197,30,1,814.01,2,Silver,-0.44088812463316107,-0.5532947556651122,0.20135958888587002
17198,24,3,445.42,2,Silver,-0.523287497475313,0.0,-0.12656307773826866
17199,583,1,13.6,0,Bronze,0.6837267352821585,-0.5532947556651122,-1.9898276435443658
17200,388,3,166.63000000000002,0,Bronze,0.5280834201646555,0.0,-0.6601719146157102
17201,54,4,718.82,2,Silver,-0.22126539096246675,0.17812112660243817,0.13369882184442447
17202,421,1,160.65,0,Bronze,0.559274001097281,-0.5532947556651122,-0.679961271895122
17203,36,10,926.33,1,Platinum,-0.37311402818699907,0.8074958608438627,0.27169515457500787
17204,176,8,1913.79,3,Gold,0.226454997609995,0.6473133678195304,0.666687164636752
17205,54,3,76.45,0,Bronze,-0.22126539096246675,0.0,-1.080808095919626
17206,54,1,204.24,0,Bronze,-0.22126539096246675,-0.5532947556651122,-0.5498978536539066
17207,653,1,257.64,0,Bronze,0.7270909394138766,-0.5532947556651122,-0.42391449006812876
17208,396,1,90.15,0,Bronze,0.5358812356518636,-0.5532947556651122,-0.9920782561561341
17209,650,2,252.95000000000002,0,Bronze,0.7253297663914531,-0.22963807175534695,-0.43388375043769506
17210,393,1,244.16,0,Bronze,0.5329756253286786,-0.5532947556651122,-0.45307422063930436
17211,27,13,3376.96,1,Platinum,-0.47987643939483643,0.9999999999999998,0.9759370016114117
17212,254,3,156.13,0,Bronze,0.3663134710508291,0.0,-0.6954111330657279
17213,41,13,4329.4800000000005,1,Platinum,-0.3245612223338783,0.9999999999999998,1.111262898635667
17214,61,6,784.12,3,Gold,-0.17537500734875106,0.44670524433488773,0.18100467478037485
17215,465,1,96.15,0,Bronze,0.597265464813531,-0.5532947556651122,-0.9573489518838784
17216,555,1,63.6,0,Bronze,0.6649062399087572,-0.5532947556651122,-1.179640386007179
17217,235,2,169.3,0,Bronze,0.33665289783344715,-0.22963807175534695,-0.6515631336856648
17218,5,18,3322.2400000000002,1,Platinum,-1.0699507790131246,1.2437665043036517,0.9670398443335994
17219,32,2,259.13,2,Silver,-0.4169394232008936,-0.22963807175534695,-0.4207850926835856
17220,25,21,4045.92,1,Platinum,-0.5082638284718078,1.360790616508975,1.074369406864079
17221,8,5,723.44,2,Silver,-0.9146355619521664,0.32365668390976515,0.13718417010232176
17222,66,6,1249.7,3,Gold,-0.14566597995919667,0.44670524433488773,0.4346645045023421
17223,311,3,358.54,3,Gold,0.44359074044238017,0.0,-0.2444715884432176
17224,502,1,30.31,0,Bronze,0.6265325628990522,-0.5532947556651122,-1.574209175631961
17225,582,1,131.15,0,Bronze,0.6830702579019478,-0.5532947556651122,-0.7897314185350894
17226,309,3,326.01,3,Gold,0.4411273592350438,0.0,-0.2961352659703626
17227,19,12,654.46,1,Platinum,-0.6087636294902878,0.9408443783721279,0.08267295934306267
17228,16,13,2587.78,1,Platinum,-0.6710172298783336,0.9999999999999998,0.830980092931603
17229,97,2,308.81,0,Bronze,0.0,-0.22963807175534695,-0.32557036473078027
17230,265,15,3887.1,1,Platinum,0.3824909194133723,1.1065895113302244,1.0525590247115162
17231,13,25,6180.54,1,Platinum,-0.7453895566792464,1.49413913403724,1.3051427709667411
17232,3,2,417.77,2,Silver,-1.2252659960740826,-0.22963807175534695,-0.16139517857326657
17233,36,3,494.35,2,Silver,-0.37311402818699907,0.0,-0.0699039740582081
17234,183,1,114.03999999999999,0,Bronze,0.24131215739218803,-0.5532947556651122,-0.865268856345019
17235,26,8,768.9200000000001,2,Silver,-0.4938072276067984,0.6473133678195304,0.17035432279556526
17236,13,12,1304.25,1,Platinum,-0.7453895566792464,0.9408443783721279,0.4579216526783688
17237,12,4,840.98,2,Silver,-0.7737769457562178,0.17812112660243817,0.21909525568457283
17238,3,32,6585.72,1,Platinum,-1.2252659960740826,1.6844473004187401,1.339729558914292
17239,313,4,492.05,3,Gold,0.4460383810872603,0.17812112660243817,-0.07243935948130333
17240,597,1,77.9,0,Bronze,0.6928012077100526,-0.5532947556651122,-1.070703227237989
17241,386,12,1987.0900000000001,3,Gold,0.5261089082793118,0.9408443783721279,0.6871524569509695
17242,109,5,1793.6399999999999,3,Gold,0.04424772632194325,0.32365668390976515,0.6313837552742605
17243,2,68,13753.7,1,Platinum,-1.3354638962975345,2.273225035457215,1.7408619250825907
17244,54,5,961.81,3,Gold,-0.22126539096246675,0.32365668390976515,0.2921496495131236
17245,205,2,292.79,0,Bronze,0.28457448533777435,-0.22963807175534695,-0.3544947003206075
17246,547,2,18.89,0,Bronze,0.6593546288575206,-0.22963807175534695,-1.8213852651668916
17247,16,1,231.24,2,Silver,-0.6710172298783336,-0.5532947556651122,-0.48256826079563486
17248,121,2,459.74,3,Gold,0.08390944493287138,-0.22963807175534695,-0.10936248914889928
17249,429,1,68.03,0,Bronze,0.5664677234567803,-0.5532947556651122,-1.1435071351032249
17250,4,2,306.12,2,Silver,-1.1397898640591078,-0.22963807175534695,-0.3303211702095827
17251,363,3,744.23,3,Gold,0.5026388454918482,0.0,0.1525980417243155
17252,117,2,319.06,0,Bronze,0.07113978054903715,-0.22963807175534695,-0.3078382967346587
17253,19,1,137.41,2,Silver,-0.6087636294902878,-0.5532947556651122,-0.7645177311560126
17254,5,3,433.33,2,Silver,-1.0699507790131246,0.0,-0.14152023414180323
17255,41,4,652.32,2,Silver,-0.3245612223338783,0.17812112660243817,0.0808914191840853
17256,108,4,134.73,0,Bronze,0.04074948778409843,0.17812112660243817,-0.7751695636264233
17257,437,1,33.55,0,Bronze,0.5735288350587067,-0.5532947556651122,-1.5205650570625893
17258,397,2,417.3,0,Bronze,0.5368448951729259,-0.22963807175534695,-0.16200694301735696
17259,149,6,1219.44,3,Gold,0.163053954154465,0.44670524433488773,0.4213218761990435
17260,412,1,81.0,0,Bronze,0.5510162199438734,-0.5532947556651122,-1.049708632229493
17261,510,1,201.69,0,Bronze,0.6325769401081748,-0.5532947556651122,-0.5567088131540595
17262,53,4,457.9,2,Silver,-0.2282941103223884,0.17812112660243817,-0.11154244980559154
17263,209,1,63.440000000000005,0,Bronze,0.2919411442499164,-0.5532947556651122,-1.1809913505686078
17264,425,1,194.92,0,Bronze,0.5628877491973846,-0.5532947556651122,-0.575215571258942
17265,139,2,537.51,3,Gold,0.13662592718895825,-0.22963807175534695,-0.02439256400173859
17266,3,5,407.22,2,Silver,-1.2252659960740826,0.32365668390976515,-0.17529546882012492
17267,128,2,239.62,0,Bronze,0.1052805739339436,-0.22963807175534695,-0.46325724946170854
17268,151,4,246.2,3,Gold,0.16812759730294605,0.17812112660243817,-0.44855984186286285
17269,386,1,408.36,0,Bronze,0.5261089082793118,-0.5532947556651122,-0.17377624073741707
17270,470,2,311.9,0,Bronze,0.6013535981482184,-0.22963807175534695,-0.3201637638615286
17271,737,1,171.9,0,Bronze,0.7733778890917304,-0.5532947556651122,-0.6433087912232006
17272,47,3,1558.1100000000001,3,Gold,-0.2734114271598946,0.0,0.5547395763210818
17273,425,1,120.12,0,Bronze,0.5628877491973846,-0.5532947556651122,-0.8372118503228816
17274,36,2,516.81,2,Silver,-0.37311402818699907,-0.22963807175534695,-0.045746530154864774
17275,384,1,81.4,0,Bronze,0.5241241657167796,-0.5532947556651122,-1.0470576480191325
17276,403,1,382.89,0,Bronze,0.5425764902501999,-0.5532947556651122,-0.20877206944532292
17277,228,2,941.33,3,Gold,0.3251192041624723,-0.22963807175534695,0.2804366562764772
17278,242,2,180.23000000000002,0,Bronze,0.3478494410839376,-0.22963807175534695,-0.6176751379181573
17279,58,1,25.43,0,Bronze,-0.19437333673537285,-0.5532947556651122,-1.666514856761796
17280,439,1,118.86,0,Bronze,0.5752739608907629,-0.5532947556651122,-0.842908789840251
17282,174,4,803.81,3,Gold,0.22210205920393347,0.17812112660243817,0.19449859138590095
17283,379,1,104.33000000000001,0,Bronze,0.5191168466023309,-0.5532947556651122,-0.9133080997974884
17284,61,7,2145.04,1,Platinum,-0.17537500734875106,0.5532947556651121,0.7288005439154348
17285,629,2,248.24,0,Bronze,0.7127694785952846,-0.22963807175534695,-0.4440825649992707
17286,22,3,281.18,2,Silver,-0.555227194461042,0.0,-0.3764601092557281
17287,27,21,2816.84,1,Platinum,-0.47987643939483643,1.360790616508975,0.8771683485144518
17288,10,9,1256.5,1,Platinum,-0.8377677575462616,0.7314158822675506,0.4376184053887084
17289,32,9,1652.48,1,Platinum,-0.4169394232008936,0.7314158822675506,0.5867544447363987
17290,4,7,943.88,2,Silver,-1.1397898640591078,0.5532947556651121,0.2819088613887584
17292,473,2,111.88,0,Bronze,0.6037856981128283,-0.22963807175534695,-0.8755948635368892
17293,9,16,2366.6,1,Platinum,-0.8742767467746977,1.1549822427096075,0.7823261658182659
17294,670,2,151.92,0,Bronze,0.7369208007451024,-0.22963807175534695,-0.7102064801970287
17295,29,3,391.42,2,Silver,-0.4534484124293297,0.0,-0.19679971859439693
17296,731,1,177.78,0,Bronze,0.7702508965626492,-0.5532947556651122,-0.6250900555414498
17297,18,1,108.28,2,Silver,-0.628411754550284,-0.5532947556651122,-0.8932521009982619
17298,102,4,520.9,3,Gold,0.019061368053364374,0.17812112660243817,-0.04146043870548678
17299,12,6,717.91,2,Silver,-0.7737769457562178,0.44670524433488773,0.13300967740439246
17300,391,2,202.49,0,Bronze,0.5310262345688197,-0.22963807175534695,-0.554562860582694
17301,22,2,283.99,2,Silver,-0.555227194461042,-0.22963807175534695,-0.37106196199152686
17302,15,5,890.7,2,Silver,-0.6942397615052628,0.32365668390976515,0.2503509675834168
17303,362,1,222.59,0,Bronze,0.5015850498957471,-0.5532947556651122,-0.5032464948746632
17304,535,1,59.0,0,Bronze,0.6508733718940333,-0.5532947556651122,-1.2198829199421655
17305,649,1,63.5,0,Bronze,0.7247409046957818,-0.5532947556651122,-1.1804843461763004
17306,11,3,109.92,2,Silver,-0.8044376617287146,0.0,-0.8851372103944377
17307,396,5,358.05,3,Gold,0.5358812356518636,0.32365668390976515,-0.24521454442556653
17309,96,3,256.99,2,Silver,-0.003928798108388237,0.0,-0.42528531523887875
17311,79,6,1529.77,3,Gold,-0.07773739492146804,0.44670524433488773,0.5447460556053235
17312,156,2,83.9,0,Bronze,0.18052526380285028,-0.22963807175534695,-1.0307750199528036
17314,25,17,3644.04,1,Platinum,-0.5082638284718078,1.2006081234846424,1.0173919424433415
17315,2,41,6394.37,1,Platinum,-1.3354638962975345,1.8769514395748776,1.3236688980914808
17316,421,1,124.45,0,Bronze,0.559274001097281,-0.5532947556651122,-0.8180763237988187
17318,726,1,147.38,0,Bronze,0.7676254273564499,-0.5532947556651122,-0.7266251397825855
17319,670,1,29.099999999999998,0,Bronze,0.7369208007451024,-0.5532947556651122,-1.595680092518159
17320,101,6,2054.61,3,Gold,0.01532422175144424,0.44670524433488773,0.7053470345732638
17321,9,6,1223.3700000000001,2,Silver,-0.8742767467746977,0.44670524433488773,0.42307331883249233
17322,377,5,852.65,3,Gold,0.5170954463568579,0.32365668390976515,0.22659410673811184
17323,16,12,1551.04,1,Platinum,-0.6710172298783336,0.9408443783721279,0.5522635952696215
17324,18,11,751.8,1,Platinum,-0.628411754550284,0.8769514395748774,0.15810392717079189
17325,281,3,409.6,3,Gold,0.4048654222290361,0.0,-0.17212854334137562
17326,409,2,275.5,0,Bronze,0.5482235869847893,-0.22963807175534695,-0.38753777562847547
17327,563,1,4.25,0,Bronze,0.6703785395134462,-0.5532947556651122,-2.547021153532687
17328,674,1,29.700000000000003,0,Bronze,0.7391975055607913,-0.5532947556651122,-1.5849275820104678
17329,15,5,988.45,2,Silver,-0.6942397615052628,0.32365668390976515,0.3070183025950768
17330,23,2,273.9,2,Silver,-0.5389245444443046,-0.22963807175534695,-0.39069934376315224
17332,529,5,523.68,3,Gold,0.6465612686735117,0.32365668390976515,-0.03856628566807543
17333,86,1,419.37,2,Silver,-0.045606218572792845,-0.5532947556651122,-0.15931771129809028
17334,309,2,346.12,0,Bronze,0.4411273592350438,-0.22963807175534695,-0.26362313792695224
17335,384,2,361.23,0,Bronze,0.5241241657167796,-0.22963807175534695,-0.24041086353104973
17337,152,4,1692.76,3,Gold,0.1706394388124024,0.17812112660243817,0.5998665274458101
17338,18,17,10843.41,1,Platinum,-0.628411754550284,1.2006081234846424,1.6113518239477571
17339,95,3,175.4,0,Bronze,-0.007898309875484755,0.0,-0.6323910675083058
17340,30,17,12728.630000000001,1,Platinum,-0.44088812463316107,1.2006081234846424,1.6986699703974502
17341,157,5,855.26,3,Gold,0.18295736376746013,0.32365668390976515,0.22825719653186752
17342,380,4,736.35,3,Gold,0.5201235606051635,0.17812112660243817,0.14680695223873855
17343,356,6,1022.61,3,Gold,0.49520066114628053,0.44670524433488773,0.325508899848234
17344,47,2,419.61,2,Silver,-0.2734114271598946,-0.22963807175534695,-0.1590067733761408
17345,16,10,964.08,1,Platinum,-0.6710172298783336,0.8074958608438627,0.29343254687819803
17346,4,26,4170.8,1,Platinum,-1.1397898640591078,1.5242648073944076,1.0909259718082194
17348,15,9,1767.0,1,Platinum,-0.6942397615052628,0.7314158822675506,0.6232363657301478
17349,180,4,380.15000000000003,3,Gold,0.23501522998922034,0.17812112660243817,-0.2126743310687123
17350,9,7,1404.991,1,Platinum,-0.8742767467746977,0.5532947556651121,0.49842456258209794
17351,37,12,1952.3300000000002,1,Platinum,-0.36289863726587396,0.9408443783721279,0.6775432749862238
17352,697,1,36.25,0,Bronze,0.7520322859932829,-0.5532947556651122,-1.4795737031834435
17354,51,3,348.76,2,Silver,-0.24275071118739783,0.0,-0.2594955521277054
17355,387,1,142.59,0,Bronze,0.5270974364604317,-0.5532947556651122,-0.744501716518517
17356,312,5,772.11,3,Gold,0.44481651575268666,0.32365668390976515,0.17260682403107477
17357,25,2,278.18,2,Silver,-0.5082638284718078,-0.22963807175534695,-0.38228291137830334
17358,304,5,768.53,3,Gold,0.43489869423225624,0.32365668390976515,0.17007829861182658
17359,12,2,198.3,2,Silver,-0.7737769457562178,-0.22963807175534695,-0.5658972757116015
17360,18,6,1005.04,2,Silver,-0.628411754550284,0.44670524433488773,0.31607677451456656
17361,50,5,731.37,3,Gold,-0.2501888955329656,0.32365668390976515,0.14311509833409897
17362,240,7,898.41,3,Gold,0.34468368374608005,0.5532947556651121,0.25504107627853045
17363,396,3,561.94,3,Gold,0.5358812356518636,0.0,-0.0002224879315576783
17364,1,27,8443.08,1,Platinum,-1.4907791133584927,1.553294755665112,1.4750574661378852
17365,13,14,6074.91,1,Platinum,-0.7453895566792464,1.0550725661773155,1.2957531944290033
17366,433,2,718.62,3,Gold,0.5700145493304952,-0.22963807175534695,0.13354743625455096
17367,239,1,157.11,0,Bronze,0.3430909394239001,-0.5532947556651122,-0.6920239843759887
17368,24,12,887.34,1,Platinum,-0.523287497475313,0.9408443783721279,0.24829432825003087
17370,73,4,327.62,2,Silver,-0.10760091090258887,0.17812112660243817,-0.2934596976981099
17371,18,6,530.12,2,Silver,-0.628411754550284,0.44670524433488773,-0.03192032599436266
17372,41,27,3711.14,1,Platinum,-0.3245612223338783,1.553294755665112,1.0273293084680113
17373,41,7,1064.78,3,Gold,-0.3245612223338783,0.5532947556651121,0.3475022392102123
17374,219,3,707.21,3,Gold,0.30976084360635325,0.0,0.12484047739561341
17375,200,4,571.36,3,Gold,0.2751623543861715,0.17812112660243817,0.008818134618859998
17376,71,4,403.89,2,Silver,-0.11809621009893657,0.17812112660243817,-0.17975763217412283
17377,24,77,15445.98,1,Platinum,-0.523287497475313,2.371090573612117,1.8040739020627505
17379,12,1,332.85,2,Silver,-0.7737769457562178,-0.5532947556651122,-0.2848578331076738
17380,501,1,15.0,0,Bronze,0.6257702652194208,-0.5532947556651122,-1.939944017622675
17381,152,3,160.2,0,Bronze,0.1706394388124024,0.0,-0.6814799303424092
17382,437,3,222.6,0,Bronze,0.5735288350587067,0.0,-0.5032221304577351
17383,5,2,184.14000000000001,2,Silver,-1.0699507790131246,-0.22963807175534695,-0.6060466981434008
17384,20,3,150.55,2,Silver,-0.5900743396182883,0.0,-0.7151090873762306
17385,15,1,243.28,2,Silver,-0.6942397615052628,-0.5532947556651122,-0.4550332086876
17386,8,4,281.05,2,Silver,-0.9146355619521664,0.17812112660243817,-0.3767111448429208
17387,20,2,577.92,2,Silver,-0.5900743396182883,-0.22963807175534695,0.015026477366741984
17388,78,6,325.08,3,Gold,-0.08255575351694985,0.44670524433488773,-0.2976867893133964
17389,1,44,5147.5,1,Platinum,-1.4907791133584927,1.9320240057521927,1.205523897523746
17390,421,1,83.3,0,Bronze,0.559274001097281,-0.5532947556651122,-1.0346386970004513
17392,307,3,430.09000000000003,3,Gold,0.43864803370180433,0.0,-0.14559937044699647
17393,411,2,241.05,0,Bronze,0.5500876026221844,-0.22963807175534695,-0.4600292377061306
17394,220,1,38.4,0,Bronze,0.311498055008351,-0.5532947556651122,-1.449004202622491
17395,509,1,22.5,0,Bronze,0.6318265883352391,-0.5532947556651122,-1.730525680660906
17396,149,5,643.95,3,Gold,0.163053954154465,0.32365668390976515,0.07386693305306105
17397,23,3,922.15,2,Silver,-0.5389245444443046,0.0,0.2692339895730749
17398,115,3,387.52,3,Gold,0.06459168165065898,0.0,-0.2022409682825315
17400,127,8,3873.9300000000003,1,Platinum,0.10229959034796707,0.6473133678195304,1.050710594607125
17401,542,1,114.85,0,Bronze,0.6558435643345881,-0.5532947556651122,-0.861446512230945
17402,5,19,1452.25,1,Platinum,-1.0699507790131246,1.2847106379326625,0.5164348823683191
17403,37,2,309.22,2,Silver,-0.36289863726587396,-0.22963807175534695,-0.3248498890555936
17404,132,11,788.6800000000001,3,Gold,0.11697780212896233,0.8769514395748774,0.18415959772259397
17405,2,3,833.74,2,Silver,-1.3354638962975345,0.0,0.21439058936254166
17406,334,9,2406.4300000000003,3,Gold,0.4708363866245982,0.7314158822675506,0.7914146693541149
17407,412,1,123.39999999999999,0,Bronze,0.5510162199438734,-0.5532947556651122,-0.8226552179893157
17408,515,1,71.25,0,Bronze,0.6363068085027636,-0.5532947556651122,-1.1186701711201124
17409,185,10,1901.3500000000001,3,Gold,0.2454533269966171,0.8074958608438627,0.663136317837914
17410,17,5,1025.41,2,Silver,-0.6491224446677566,0.32365668390976515,0.3269970553327047
17411,13,5,1303.0,2,Silver,-0.7453895566792464,0.32365668390976515,0.4573996863835625
17412,3,16,2946.28,1,Platinum,-1.2252659960740826,1.1549822427096075,0.9016353783283133
17413,405,1,165.1,0,Bronze,0.5444681210454952,-0.5532947556651122,-0.6651670507758844
17414,185,3,84.0,0,Bronze,0.2454533269966171,0.0,-1.0301337294959205
17415,80,1,103.63999999999999,0,Bronze,-0.07297889326143023,-0.5532947556651122,-0.9168885819373682
17416,30,20,11009.03,1,Platinum,-0.44088812463316107,1.3236566839097652,1.619608961470292
17417,549,1,164.18,0,Bronze,0.6607500929057378,-0.5532947556651122,-0.6681928620186963
17418,43,3,572.38,2,Silver,-0.3067415229774418,0.0,0.009788113585497386
17419,12,18,4897.85,1,Platinum,-0.7737769457562178,1.2437665043036517,1.17844583757056
17420,51,6,817.23,3,Gold,-0.24275071118739783,0.44670524433488773,0.20350768907091324
17421,387,2,769.15,3,Gold,0.5270974364604317,-0.22963807175534695,0.1705170407530356
17422,17,11,2297.26,1,Platinum,-0.6491224446677566,0.8769514395748774,0.7661329831672942
17423,47,3,489.49,2,Silver,-0.2734114271598946,0.0,-0.07527529939385379
17425,61,1,675.77,2,Silver,-0.17537500734875106,-0.5532947556651122,0.10010263841432379
17426,9,13,5873.26,1,Platinum,-0.8742767467746977,0.9999999999999998,1.2773660844318286
17427,72,1,70.8,0,Bronze,-0.11281261657107146,-0.5532947556651122,-1.1220738514888577
17428,1,38,9751.27,1,Platinum,-1.4907791133584927,1.8177958179470048,1.5535240168661268
17429,129,5,1073.05,3,Gold,0.10823853811198687,0.32365668390976515,0.35171315450898605
17430,33,4,494.3,2,Silver,-0.4055041125939236,0.17812112660243817,-0.06995896584952412
17431,314,1,287.5,0,Bronze,0.4472563613108746,-0.5532947556651122,-0.36439336003035055
17432,19,9,1492.92,1,Platinum,-0.6087636294902878,0.7314158822675506,0.5314713097277534
17433,89,2,505.21000000000004,2,Silver,-0.032620078083961696,-0.22963807175534695,-0.0580894023960461
17434,3,7,1823.78,1,Platinum,-1.2252659960740826,0.5532947556651121,0.640456995528022
17435,412,1,215.85000000000002,0,Bronze,0.5510162199438734,-0.5532947556651122,-0.5199210844334584
17436,2,5,534.0600000000001,2,Silver,-1.3354638962975345,0.32365668390976515,-0.02789393660271404
17437,530,1,298.26,0,Bronze,0.6472833319553631,-0.5532947556651122,-0.3444449230206265
17438,254,5,1133.23,3,Gold,0.3663134710508291,0.32365668390976515,0.3814129663095115
17439,656,1,158.7,0,Bronze,0.7288440521196645,-0.5532947556651122,-0.6865729201957188
17440,248,1,7.0200000000000005,0,Bronze,0.35719269593041963,-0.5532947556651122,-2.3161938501168713
17441,733,1,247.15,0,Bronze,0.7712960662631781,-0.5532947556651122,-0.4464702566979435
17442,37,15,3826.64,1,Platinum,-0.36289863726587396,1.1065895113302244,1.0440211937285215
17444,152,2,1546.5,3,Gold,0.1706394388124024,-0.22963807175534695,0.5506676903115081
17446,311,1,15.3,0,Bronze,0.44359074044238017,-0.5532947556651122,-1.929824045248077
17447,41,2,460.65,2,Silver,-0.3245612223338783,-0.22963807175534695,-0.10828757184746805
17448,530,41,12635.73,1,Platinum,0.6472833319553631,1.8769514395748776,1.6946796514542486
17449,3,13,4302.16,1,Platinum,-1.2252659960740826,0.9999999999999998,1.1078151442886612
17450,11,12,5746.56,1,Platinum,-0.8044376617287146,0.9408443783721279,1.265487415388406
17451,2,6,1518.94,1,Platinum,-1.3354638962975345,0.44670524433488773,0.5408781357988443
17453,18,2,171.57,2,Silver,-0.628411754550284,-0.22963807175534695,-0.6443495542078255
17454,193,10,1360.44,3,Gold,0.26158431917602176,0.8074958608438627,0.48088308058600754
17455,204,1,111.8,0,Bronze,0.28271046970037933,-0.5532947556651122,-0.8759810926776423
17456,366,2,852.77,3,Gold,0.5057829489787685,-0.22963807175534695,0.22667068208774271
17457,127,9,742.26,3,Gold,0.10229959034796707,0.7314158822675506,0.1511560304220686
17458,16,2,529.58,2,Silver,-0.6710172298783336,-0.22963807175534695,-0.03247449226107225
17459,44,2,524.89,2,Silver,-0.2981331953683717,-0.22963807175534695,-0.03731138695683333
17460,95,14,1868.1200000000001,1,Platinum,-0.007898309875484755,1.0550725661773155,0.6535361455210724
17461,23,3,599.46,2,Silver,-0.5389245444443046,0.0,0.03492809335205557
17462,61,2,479.58,2,Silver,-0.17537500734875106,-0.22963807175534695,-0.08639482605615079
17463,17,7,2179.16,1,Platinum,-0.6491224446677566,0.5532947556651121,0.737393835340892
17464,159,3,565.08,3,Gold,0.18777572236294193,0.0,0.002807753545718551
17465,426,7,1878.76,3,Gold,0.5637858843277077,0.5532947556651121,0.6566285006359096
17466,11,2,538.08,2,Silver,-0.8044376617287146,-0.22963807175534695,-0.02381623636008853
17467,396,1,42.900000000000006,0,Bronze,0.5358812356518636,-0.5532947556651122,-1.3900874738389177
17468,15,2,34.0,0,Bronze,-0.6942397615052628,-0.22963807175534695,-1.5135153747597843
17469,17,17,4526.860000000001,1,Platinum,-0.6491224446677566,1.2006081234846424,1.1355441348269093
17470,45,11,1893.59,1,Platinum,-0.28971407717663195,0.8769514395748774,0.6609095409889808
17471,475,1,308.45,0,Bronze,0.6053985613697327,-0.5532947556651122,-0.3262037641008998
17472,192,4,901.95,3,Gold,0.2596047051701011,0.17812112660243817,0.2571810595868609
17473,409,2,573.1,3,Gold,0.5482235869847893,-0.22963807175534695,0.010471766287470118
17475,80,1,162.87,0,Bronze,-0.07297889326143023,-0.5532947556651122,-0.6725305648997869
17476,396,2,268.31,0,Bronze,0.5358812356518636,-0.22963807175534695,-0.4018913687409532
17477,613,2,577.4,3,Gold,0.7029154443351987,-0.22963807175534695,0.014536926278409848
17478,409,2,828.5,3,Gold,0.5482235869847893,-0.22963807175534695,0.2109600305277947
17479,633,1,277.90000000000003,0,Bronze,0.7151938819895527,-0.5532947556651122,-0.3828295618343628
17480,78,2,789.35,3,Gold,-0.08255575351694985,-0.22963807175534695,0.184621614345848
17481,4,4,1034.7,2,Silver,-1.1397898640591078,0.17812112660243817,0.3319056246656144
17482,488,2,645.19,3,Gold,0.6157198240080672,-0.22963807175534695,0.07491333030069446
17483,66,4,493.78000000000003,2,Silver,-0.14566597995919667,0.17812112660243817,-0.07053120978892047
17484,577,2,123.47,0,Bronze,0.6797708881706453,-0.22963807175534695,-0.8223487581217496
17486,262,1,376.97,0,Bronze,0.37814620980093494,-0.5532947556651122,-0.2172385590870394
17487,729,1,140.6,0,Bronze,0.7692028672971334,-0.5532947556651122,-0.7521045230269304
17488,642,1,276.5,0,Bronze,0.7205933294448572,-0.5532947556651122,-0.38557107248088834
17489,59,2,291.2,2,Silver,-0.18793529514491986,-0.22963807175534695,-0.357451051972607
17490,1,9,1618.23,1,Platinum,-1.4907791133584927,0.7314158822675506,0.5753515001432847
17491,2,17,2820.6800000000003,1,Platinum,-1.3354638962975345,1.2006081234846424,0.8779102346520382
17492,249,3,877.7,3,Gold,0.3587279863928917,0.0,0.24235026984967117
17493,386,1,97.55000000000001,0,Bronze,0.5261089082793118,-0.5532947556651122,-0.9495543717780223
17494,502,1,34.8,0,Bronze,0.6265325628990522,-0.5532947556651122,-1.5012035246544415
17495,8,3,653.02,2,Silver,-0.9146355619521664,0.0,0.08147480738087026
17496,359,4,1107.15,3,Gold,0.4984061564848583,0.17812112660243817,0.36874035644588254
17497,391,2,244.8,0,Bronze,0.5310262345688197,-0.22963807175534695,-0.4516539136781399
17498,76,1,175.74,0,Bronze,-0.09237820086701533,-0.5532947556651122,-0.6313420560199171
17499,290,2,849.38,3,Gold,0.41689953623697995,-0.22963807175534695,0.22450327465653439
17500,30,1,33.0,0,Bronze,-0.44088812463316107,-0.5532947556651122,-1.5293070943713936
17501,221,2,249.45000000000002,0,Bronze,0.31322742344277893,-0.22963807175534695,-0.44144420735166623
17502,10,3,482.40000000000003,2,Silver,-0.8377677575462616,0.0,-0.08320747110981262
17503,3,2,430.99,2,Silver,-1.2252659960740826,-0.22963807175534695,-0.14446320985955002
17504,207,18,3894.77,1,Platinum,0.288275523381422,1.2437665043036517,1.0536326383907264
17505,162,5,1321.29,3,Gold,0.19489148966269906,0.32365668390976515,0.4649876659477915
17506,76,1,270.7,0,Bronze,-0.09237820086701533,-0.5532947556651122,-0.39707806199711276
17507,262,2,533.48,3,Gold,0.37814620980093494,-0.22963807175534695,-0.028484789147728264
17508,281,8,2692.12,3,Gold,0.4048654222290361,0.6473133678195304,0.8525061885401342
17509,58,8,5631.24,1,Platinum,-0.19437333673537285,0.6473133678195304,1.2544457908001185
17510,25,2,451.26,2,Silver,-0.5082638284718078,-0.22963807175534695,-0.11948260932275849
17511,3,50,18280.2,1,Platinum,-1.2252659960740826,2.031933682284485,1.895846730900194
17512,52,13,2497.82,1,Platinum,-0.23545421519469298,0.9999999999999998,0.8117123935218129
17513,73,3,330.0,2,Silver,-0.10760091090258887,0.0,-0.28952842534288975
17514,129,2,492.0,3,Gold,0.10823853811198687,-0.22963807175534695,-0.07249460781360723
17515,32,9,960.61,1,Platinum,-0.4169394232008936,0.7314158822675506,0.2914702432494318
17516,16,6,804.39,2,Silver,-0.6710172298783336,0.44670524433488773,0.19489105219597339
17517,309,1,128.44,0,Bronze,0.4411273592350438,-0.5532947556651122,-0.8010192832654577
17518,426,2,258.6,0,Bronze,0.5637858843277077,-0.22963807175534695,-0.4218961752672277
17519,18,15,2249.32,1,Platinum,-0.628411754550284,1.1065895113302244,0.7546491630861324
17520,54,1,352.73,2,Silver,-0.22126539096246675,-0.5532947556651122,-0.2533468239443264
17521,30,5,1055.99,2,Silver,-0.44088812463316107,0.32365668390976515,0.34299057756691154
17522,2,5,659.9,2,Silver,-1.3354638962975345,0.32365668390976515,0.08717567788763353
17523,12,2,243.03,2,Silver,-0.7737769457562178,-0.22963807175534695,-0.45559102670055385
17524,362,3,428.6,3,Gold,0.5015850498957471,0.0,-0.14748557179570473
17525,360,3,753.9,3,Gold,0.4994687215423347,0.0,0.1596215111971464
17526,5,12,1387.79,1,Platinum,-1.0699507790131246,0.9408443783721279,0.4917186250508982
17527,54,4,588.16,2,Silver,-0.22126539096246675,0.17812112660243817,0.024578307717974753
17528,2,8,2501.2400000000002,1,Platinum,-1.3354638962975345,0.6473133678195304,0.8124574894921737
17529,611,2,847.47,3,Gold,0.7016656733812224,-0.22963807175534695,0.22327830135974586
17530,2,12,2491.21,1,Platinum,-1.3354638962975345,0.9408443783721279,0.810269415757084
17531,191,3,1052.8400000000001,3,Gold,0.25761480740892523,0.0,0.3413646330412651
17532,386,1,65.34,0,Bronze,0.5261089082793118,-0.5532947556651122,-1.1651609854408018
17534,54,5,1347.8300000000002,3,Gold,-0.22126539096246675,0.32365668390976515,0.47581371317765514
17535,281,1,164.4,0,Bronze,0.4048654222290361,-0.5532947556651122,-0.6674677680787096
17536,421,2,128.38,0,Bronze,0.559274001097281,-0.22963807175534695,-0.8012718647614657
17537,30,2,612.76,2,Silver,-0.44088812463316107,-0.22963807175534695,0.046863019461162274
17538,26,1,92.66,0,Bronze,-0.4938072276067984,-0.5532947556651122,-0.9772795732203314
17539,629,3,779.88,3,Gold,0.7127694785952846,0.0,0.17805466628939004
17540,25,6,1391.4,2,Silver,-0.5082638284718078,0.44670524433488773,0.4931328708342144
17541,510,1,80.06,0,Bronze,0.6325769401081748,-0.5532947556651122,-1.0559896978759788
17542,270,3,263.25,0,Bronze,0.38962435568416953,0.0,-0.4122244151264992
17543,550,1,120.05,0,Bronze,0.6614459231744579,-0.5532947556651122,-0.8375267888675153
17544,391,3,811.9200000000001,3,Gold,0.5310262345688197,0.0,0.19996077832005915
17545,44,6,917.52,3,Gold,-0.2981331953683717,0.44670524433488773,0.2664948245453081
17547,376,2,497.25,3,Gold,0.5160807319685239,-0.22963807175534695,-0.06672391083612847
17548,234,4,574.9,3,Gold,0.3350263371830528,0.17812112660243817,0.012177153983427846
17549,24,2,57.18000000000001,0,Bronze,-0.523287497475313,-0.22963807175534695,-1.2366636111311156
17550,198,9,1669.93,3,Gold,0.2713317778885159,0.7314158822675506,0.5924736139448655
17551,360,1,260.34,0,Bronze,0.4994687215423347,-0.5532947556651122,-0.4182569305224323
17552,61,11,2226.9900000000002,1,Platinum,-0.17537500734875106,0.8769514395748774,0.749216331092415
17554,2,5,1185.55,2,Silver,-1.3354638962975345,0.32365668390976515,0.4059801548778526
17555,20,5,1001.46,2,Silver,-0.5900743396182883,0.32365668390976515,0.31413472742414156
17556,206,2,200.22000000000003,0,Bronze,0.286429474229694,-0.22963807175534695,-0.5606741743517352
17557,15,4,526.74,2,Silver,-0.6942397615052628,0.17812112660243817,-0.035398311267831876
17558,394,1,259.17,0,Bronze,0.533946613066845,-0.5532947556651122,-0.42070132928842324
17559,513,1,107.13999999999999,0,Bronze,0.6348192165065734,-0.5532947556651122,-0.8989650118330493
17560,156,8,639.92,3,Gold,0.18052526380285028,0.6473133678195304,0.0704521940911674
17561,20,4,628.65,2,Silver,-0.5900743396182883,0.17812112660243817,0.06078757336898898
17562,15,7,1003.88,2,Silver,-0.6942397615052628,0.5532947556651121,0.3154482657333699
17563,579,2,366.43,0,Bronze,0.6810940482344539,-0.22963807175534695,-0.2326459206889153
17564,25,3,434.11,2,Silver,-0.5082638284718078,0.0,-0.1405427646566962
17565,587,1,131.83,0,Bronze,0.6863414516297778,-0.5532947556651122,-0.7869353689030532
17566,9,2,767.77,2,Silver,-0.8742767467746977,-0.22963807175534695,0.16954000318096266
17567,8,9,3193.95,1,Platinum,-0.9146355619521664,0.7314158822675506,0.9455926748837971
17568,634,1,374.45,0,Bronze,0.7157975928435902,-0.5532947556651122,-0.22088285070030367
17569,333,1,210.54,0,Bronze,0.4696912304425719,-0.5532947556651122,-0.5334270471339491
17571,51,4,1273.26,3,Gold,-0.24275071118739783,0.17812112660243817,0.44483123927399043
17572,72,8,471.81000000000006,3,Gold,-0.11281261657107146,0.6473133678195304,-0.09527472754676786
17573,30,3,320.12,2,Silver,-0.44088812463316107,0.0,-0.30603704505147955
17574,243,1,155.8,0,Bronze,0.34942256221728135,-0.5532947556651122,-0.696556459767146
17575,668,1,17.0,0,Bronze,0.7357773537539475,-0.5532947556651122,-1.875778625363835
17576,9,41,7178.25,1,Platinum,-0.8742767467746977,1.8769514395748776,1.3866562631048716
17577,646,2,348.75,0,Bronze,0.7229688685783094,-0.22963807175534695,-0.2595111280645827
17578,219,7,890.72,3,Gold,0.30976084360635325,0.5532947556651121,0.2503631862684206
17579,5,4,577.63,2,Silver,-1.0699507790131246,0.17812112660243817,0.014753512750842473
17580,253,5,528.27,3,Gold,0.3648083435442054,0.32365668390976515,-0.033821205776212976
17581,1,41,13583.16,1,Platinum,-1.4907791133584927,1.8769514395748776,1.7340652016728477
17582,237,5,749.35,3,Gold,0.3398854440853227,0.32365668390976515,0.1563280527424894
17583,561,1,135.95,0,Bronze,0.6690177762437174,-0.5532947556651122,-0.7702947552453888
17584,8,6,1744.8,1,Platinum,-0.9146355619521664,0.44670524433488773,0.6163525407420944
17585,110,7,1422.86,3,Gold,0.047714306158368955,0.5532947556651121,0.5053045961586492
17586,620,1,167.4,0,Bronze,0.7072578085750622,-0.5532947556651122,-0.6576752423366623
17587,629,1,151.21,0,Bronze,0.7127694785952846,-0.5532947556651122,-0.712741739175358
17588,101,6,1521.19,3,Gold,0.01532422175144424,0.44670524433488773,0.5416839834312505
17589,61,17,11237.19,1,Platinum,-0.17537500734875106,1.2006081234846424,1.6307829332241233
17590,3,3,1272.19,2,Silver,-1.2252659960740826,0.0,0.44437359688877553
17591,74,8,1440.18,3,Gold,-0.10245916312994499,0.6473133678195304,0.5118913372763455
17592,739,1,148.3,0,Bronze,0.7744145729656157,-0.5532947556651122,-0.7232577944349534
17593,4,11,5445.84,1,Platinum,-1.1397898640591078,0.8769514395748774,1.2362112562763299
17594,86,4,2398.28,3,Gold,-0.045606218572792845,0.17812112660243817,0.7895672809643448
17595,13,2,376.74,2,Silver,-0.7453895566792464,-0.22963807175534695,-0.21757016387013817
17596,24,13,2093.51,1,Platinum,-0.523287497475313,0.9999999999999998,0.7155599508556848
17597,214,5,2167.5,3,Gold,0.3009546061723703,0.32365668390976515,0.7344724271444809
17598,382,1,253.98,0,Bronze,0.5221290859067854,-0.5532947556651122,-0.4316786525588746
17599,478,1,52.05,0,Bronze,0.6078051941505764,-0.5532947556651122,-1.2869501505093848
17600,18,1,128.48000000000002,2,Silver,-0.628411754550284,-0.5532947556651122,-0.800850960637759
17601,240,2,288.67,0,Bronze,0.34468368374608005,-0.22963807175534695,-0.3621885102425713
17602,3,14,5256.01,1,Platinum,-1.2252659960740826,1.0550725661773155,1.216886301912146
17603,79,4,1210.64,3,Gold,-0.07773739492146804,0.17812112660243817,0.41737952947741647
17604,218,6,901.7,3,Gold,0.3080157177742967,0.44670524433488773,0.2570302063806209
17605,591,1,160.75,0,Bronze,0.6889384409506407,-0.5532947556651122,-0.6796243663926013
17606,738,1,87.30000000000001,0,Bronze,0.7738965817337441,-0.5532947556651122,-1.0093838306742637
17607,377,1,256.35,0,Bronze,0.5170954463568579,-0.5532947556651122,-0.4266384294337119
17608,34,4,467.48,2,Silver,-0.3944003073798616,0.17812112660243817,-0.10028678015333145
17609,41,11,1562.61,1,Platinum,-0.3245612223338783,0.8769514395748774,0.5563096783525867
17610,541,5,1420.69,3,Gold,0.6551374729685795,0.32365668390976515,0.5044737096585169
17611,8,28,7552.46,1,Platinum,-0.9146355619521664,1.5813058963946443,1.414336785168019
17612,54,18,4514.83,1,Platinum,-0.22126539096246675,1.2437665043036517,1.1340948013549645
17613,23,14,4061.29,1,Platinum,-0.5389245444443046,1.0550725661773155,1.0764345204612562
17614,58,1,354.67,2,Silver,-0.19437333673537285,-0.5532947556651122,-0.25036721180940547
17615,131,5,395.47,3,Gold,0.11408681136792621,0.32365668390976515,-0.1912061303538823
17617,559,1,263.54,0,Bronze,0.6676521617577782,-0.5532947556651122,-0.41162688072493797
17618,6,11,3119.37,1,Platinum,-1.0109026739636562,0.8769514395748774,0.9327251411964673
17619,313,1,214.37,0,Bronze,0.4460383810872603,-0.5532947556651122,-0.5236519247365982
17620,60,1,40.64,0,Bronze,-0.18160367235153863,-0.5532947556651122,-1.4188805708768837
17621,22,6,1572.8400000000001,1,Platinum,-0.555227194461042,0.44670524433488773,0.5598622959712567
17622,598,2,814.73,3,Gold,0.6934412320153364,-0.22963807175534695,0.20184064518575975
17623,33,7,2018.5700000000002,1,Platinum,-0.4055041125939236,0.5532947556651121,0.6957110207400187
17624,15,4,1265.6000000000001,2,Silver,-0.6942397615052628,0.17812112660243817,0.44154652608028705
17625,19,8,5089.4800000000005,1,Platinum,-0.6087636294902878,0.6473133678195304,1.1993497957491714
17626,603,1,190.9,0,Bronze,0.696625410430366,-0.5532947556651122,-0.5865098762734643
17627,479,1,67.30000000000001,0,Bronze,0.6086040567083101,-0.5532947556651122,-1.1492988828252555
17628,82,1,36.150000000000006,0,Bronze,-0.06363563841494821,-0.5532947556651122,-1.4810381561626698
17629,6,10,1635.74,1,Platinum,-1.0109026739636562,0.8074958608438627,0.5812109662171063
17630,170,2,268.9,0,Bronze,0.21324491414045238,-0.22963807175534695,-0.40069918731034315
17631,2,7,844.51,2,Silver,-1.3354638962975345,0.5532947556651121,0.22137445463828295
17633,32,7,1849.38,1,Platinum,-0.4169394232008936,0.5532947556651121,0.6480465947733105
17634,37,9,2015.3400000000001,1,Platinum,-0.36289863726587396,0.7314158822675506,0.6948390352706832
17635,425,3,1040.1,3,Gold,0.5628877491973846,0.0,0.3347386350689292
17636,20,1,271.64,2,Silver,-0.5900743396182883,-0.5532947556651122,-0.39519655368088574
17637,32,2,479.85,2,Silver,-0.4169394232008936,-0.22963807175534695,-0.08608884523066289
17639,277,6,454.32,3,Gold,0.39939312262434723,0.44670524433488773,-0.11580905673629383
17640,87,6,630.6,3,Gold,-0.04122840569303163,0.44670524433488773,0.062472115526153164
17642,120,5,1317.27,3,Gold,0.08075671555037933,0.32365668390976515,0.4633289254257867
17643,374,2,413.15000000000003,0,Bronze,0.5140432034538499,-0.22963807175534695,-0.1674387164034036
17644,2,20,4903.03,1,Platinum,-1.3354638962975345,1.3236566839097652,1.1790215746756059
17646,220,12,3116.4700000000003,1,Platinum,0.311498055008351,0.9408443783721279,0.9322186033447619
17647,66,3,163.81,2,Silver,-0.14566597995919667,0.0,-0.6694145188637439
17648,61,5,1890.6100000000001,3,Gold,-0.17537500734875106,0.32365668390976515,0.6600519881115505
17649,139,3,1407.79,3,Gold,0.13662592718895825,0.0,0.4995080067512964
17650,22,1,79.2,0,Bronze,-0.555227194461042,-0.5532947556651122,-1.0618003385389314
17651,12,16,5027.2300000000005,1,Platinum,-0.7737769457562178,1.1549822427096075,1.1926468177902232
17652,26,12,4181.64,1,Platinum,-0.4938072276067984,0.9408443783721279,1.0923396816696818
17653,39,3,500.86,2,Silver,-0.3432505122058779,0.0,-0.06279104234782809
17654,278,1,97.65,0,Bronze,0.40076854405757495,-0.5532947556651122,-0.9490018603917043
17655,11,9,1883.08,1,Platinum,-0.8044376617287146,0.7314158822675506,0.6578790501449028
17656,74,5,986.39,3,Gold,-0.10245916312994499,0.32365668390976515,0.3058829154747686
17657,431,1,126.0,0,Bronze,0.5682452415308415,-0.5532947556651122,-0.8113865738269297
17658,26,2,77.30000000000001,2,Silver,-0.4938072276067984,-0.22963807175534695,-1.0748618442277178
17659,18,14,2927.07,1,Platinum,-0.628411754550284,1.0550725661773155,0.8980729734626357
17660,142,2,311.27,0,Bronze,0.14474752734042295,-0.22963807175534695,-0.3212617343646309
17662,662,2,169.92000000000002,0,Bronze,0.7323263893537192,-0.22963807175534695,-0.6495834044585265
17663,26,16,3619.6000000000004,1,Platinum,-0.4938072276067984,1.1549822427096075,1.0137269163583758
17664,19,4,866.62,2,Silver,-0.6087636294902878,0.17812112660243817,0.23543721717245503
17665,494,1,234.3,0,Bronze,0.6203912777282693,-0.5532947556651122,-0.4754371536620384
17666,4,4,282.78000000000003,2,Silver,-1.1397898640591078,0.17812112660243817,-0.3733798766934394
17667,67,9,2987.68,1,Platinum,-0.1399909953095136,0.7314158822675506,0.909234519685036
17668,2,2,119.25,2,Silver,-1.3354638962975345,-0.22963807175534695,-0.8411390768160231
17669,43,10,1938.47,1,Platinum,-0.3067415229774418,0.8074958608438627,0.6736639954120007
17670,228,1,185.3,0,Bronze,0.3251192041624723,-0.5532947556651122,-0.6026440359449308
17671,16,5,1171.31,2,Silver,-0.6710172298783336,0.32365668390976515,0.39940264960367183
17672,51,6,3408.15,1,Platinum,-0.24275071118739783,0.44670524433488773,0.9809440484027411
17673,2,12,2988.7,1,Platinum,-1.3354638962975345,0.9408443783721279,0.9094204134252164
17674,75,2,128.52,0,Bronze,-0.09738551998146396,-0.22963807175534695,-0.8006826900016061
17675,2,68,20993.600000000002,1,Platinum,-1.3354638962975345,2.273225035457215,1.971239424586059
17676,5,10,1952.2,1,Platinum,-1.0699507790131246,0.8074958608438627,0.6775070172826078
17677,2,44,7677.0,1,Platinum,-1.3354638962975345,1.9320240057521927,1.4232457062438302
17678,264,2,319.41,0,Bronze,0.3810481513891017,-0.22963807175534695,-0.30724288498374125
17679,53,6,1146.6000000000001,3,Gold,-0.2282941103223884,0.44670524433488773,0.387797088601531
17680,24,3,337.7,2,Silver,-0.523287497475313,0.0,-0.2770005428653146
17681,629,3,279.8,0,Bronze,0.7127694785952846,0.0,-0.37913087068396323
17682,11,11,3732.69,1,Platinum,-0.8044376617287146,0.8769514395748774,1.0304827405136068
17683,386,3,467.39,3,Gold,0.5261089082793118,0.0,-0.1003914475167221
17684,44,1,212.95,2,Silver,-0.2981331953683717,-0.5532947556651122,-0.527255693472736
17685,17,11,2420.4900000000002,1,Platinum,-0.6491224446677566,0.8769514395748774,0.7945870452637067
17686,8,9,6838.05,1,Platinum,-0.9146355619521664,0.7314158822675506,1.3602095108942425
17687,421,1,432.68,0,Bronze,0.559274001097281,-0.5532947556651122,-0.14233613392021124
17688,394,1,304.2,0,Bronze,0.533946613066845,-0.5532947556651122,-0.33373759852828083
17689,389,2,300.7,0,Bronze,0.5290668724573551,-0.22963807175534695,-0.34002113047524585
17690,31,20,4769.59,1,Platinum,-0.42872664422085277,1.3236566839097652,1.163992654910807
17691,359,4,637.55,3,Gold,0.4984061564848583,0.17812112660243817,0.06843398182550577
17692,128,12,1840.46,1,Platinum,0.1052805739339436,0.9408443783721279,0.6454140792886205
17693,138,1,151.15,0,Bronze,0.13388000533993724,-0.5532947556651122,-0.7129565280519271
17694,142,3,865.51,3,Gold,0.14474752734042295,0.0,0.23473980504923184
17695,132,5,490.82,3,Gold,0.11697780212896233,0.32365668390976515,-0.0738000975483456
17696,39,27,4693.56,1,Platinum,-0.3432505122058779,1.553294755665112,1.1552405011995173
17697,237,1,315.25,0,Bronze,0.3398854440853227,-0.5532947556651122,-0.31436223020062576
17698,261,1,124.95,0,Bronze,0.3766869529595871,-0.5532947556651122,-0.8159093512510224
17699,477,2,215.65,0,Bronze,0.6070046620774018,-0.22963807175534695,-0.5204237614520202
17700,17,14,4864.82,1,Platinum,-0.6491224446677566,1.0550725661773155,1.174760300658019
17701,253,1,392.45,0,Bronze,0.3648083435442054,-0.5532947556651122,-0.19537169669022048
17702,31,6,2011.25,1,Platinum,-0.42872664422085277,0.44670524433488773,0.6937328738878662
17703,36,4,997.1,2,Silver,-0.37311402818699907,0.17812112660243817,0.3117601643954821
17704,169,2,757.23,3,Gold,0.2109982539898713,-0.22963807175534695,0.16201933241387517
17705,4,11,1866.2,1,Platinum,-1.1397898640591078,0.8769514395748774,0.6529762521724947
17706,5,31,12916.34,1,Platinum,-1.0699507790131246,1.6598842669953369,1.7066445391506784
17707,186,8,252.9,3,Gold,0.24750724321830736,0.6473133678195304,-0.43399102151812735
17708,188,4,866.23,3,Gold,0.2515823290724479,0.17812112660243817,0.23519228220532543
17709,170,5,475.01,3,Gold,0.21324491414045238,0.32365668390976515,-0.09160007822152456
17710,424,1,249.16,0,Bronze,0.5619875032892562,-0.5532947556651122,-0.44207537776350064
17711,11,2,313.58000000000004,2,Silver,-0.8044376617287146,-0.22963807175534695,-0.3172466153638938
17712,45,1,373.21000000000004,2,Silver,-0.28971407717663195,-0.5532947556651122,-0.22268506258179732
17713,383,4,634.9,3,Gold,0.5231279246933352,0.17812112660243817,0.06616844146194065
17714,321,5,1195.47,3,Gold,0.45567547950261433,0.32365668390976515,0.4105157533402984
17716,30,21,9062.68,1,Platinum,-0.44088812463316107,1.360790616508975,1.5136328574351225
17717,422,1,299.66,0,Bronze,0.560180639289994,-0.5532947556651122,-0.341902290546938
17718,233,2,281.08,0,Bronze,0.33339284021892834,-0.22963807175534695,-0.3766532032854015
17719,38,15,4664.96,1,Platinum,-0.3529486114108498,1.1065895113302244,1.1519114880169175
17720,27,9,1362.63,1,Platinum,-0.47987643939483643,0.7314158822675506,0.4817586985272085
17721,660,1,189.61,0,Bronze,0.7311691242511416,-0.5532947556651122,-0.5901843628844125
17722,97,5,2058.48,3,Gold,0.0,0.32365668390976515,0.7063716947575949
17723,173,2,163.9,0,Bronze,0.21990689871161714,-0.22963807175534695,-0.6691171068505387
17724,72,3,967.7,3,Gold,-0.11281261657107146,0.0,0.2954721709057353
17725,17,11,2609.38,1,Platinum,-0.6491224446677566,0.8769514395748774,0.8355066830706999
17726,396,7,1066.56,3,Gold,0.5358812356518636,0.5532947556651121,0.3484113318309927
17727,16,1,909.19,2,Silver,-0.6710172298783336,-0.5532947556651122,0.2615317445949408
17728,4,5,3760.7400000000002,1,Platinum,-1.1397898640591078,0.32365668390976515,1.034560169878043
17729,597,1,288.5,0,Bronze,0.6928012077100526,-0.5532947556651122,-0.362508319463684
17730,4,19,3677.54,1,Platinum,-1.1397898640591078,1.2847106379326625,1.0223758790770257
17731,80,6,1344.82,3,Gold,-0.07297889326143023,0.44670524433488773,0.4745966519753061
17732,373,8,1617.79,3,Gold,0.5130203605027174,0.6473133678195304,0.5752034457638987
17733,39,2,500.27000000000004,2,Silver,-0.3432505122058779,-0.22963807175534695,-0.06343187251617878
17734,54,6,1201.7,3,Gold,-0.22126539096246675,0.44670524433488773,0.41334503449274484
17735,3,26,13486.45,1,Platinum,-1.2252659960740826,1.5242648073944076,1.7301728931983011
17736,114,1,177.13,0,Bronze,0.0612751721227529,-0.5532947556651122,-0.6270743367811376
17737,10,2,137.64000000000001,2,Silver,-0.8377677575462616,-0.22963807175534695,-0.7636132117534932
17738,20,13,2975.88,1,Platinum,-0.5900743396182883,0.9999999999999998,0.907079359964798
17739,12,18,4675.09,1,Platinum,-0.7737769457562178,1.2437665043036517,1.1530929385269202
17740,431,3,148.5,0,Bronze,0.5682452415308415,0.0,-0.7225285089442293
17741,407,2,54.3,0,Bronze,0.5463504563202642,-0.22963807175534695,-1.2643212138551818
17742,114,11,917.1600000000001,3,Gold,0.0612751721227529,0.8769514395748774,0.2662812659206285
17744,4,7,934.6,2,Silver,-1.1397898640591078,0.5532947556651121,0.2765319746443072
17745,478,2,375.73,0,Bronze,0.6078051941505764,-0.22963807175534695,-0.21902873550505764
17746,241,4,345.12,3,Gold,0.34626983283478935,0.17812112660243817,-0.2651948203401798
17747,113,1,71.4,0,Bronze,0.05792969707949422,-0.5532947556651122,-1.1175403203586465
17748,528,1,289.65,0,Bronze,0.6458378417208186,-0.5532947556651122,-0.36034855585838726
17749,179,3,729.3100000000001,3,Gold,0.2328930392004483,0.0,0.1415806004627483
17750,6,8,472.88,2,Silver,-1.0109026739636562,0.6473133678195304,-0.09404325629208825
17751,422,1,121.11,0,Bronze,0.560180639289994,-0.5532947556651122,-0.8327771062802956
17753,465,4,362.15999999999997,3,Gold,0.597265464813531,0.17812112660243817,-0.23901398150844644
17754,1,11,1300.17,1,Platinum,-1.4907791133584927,0.8769514395748774,0.45621610358747644
17756,376,3,635.74,3,Gold,0.5160807319685239,0.0,0.0668875954376665
17757,2,55,7402.09,1,Platinum,-1.3354638962975345,2.1065895113302244,1.4033822863778234
17758,20,11,4145.27,1,Platinum,-0.5900743396182883,0.8769514395748774,1.0875818836836402
17759,18,5,944.46,2,Silver,-0.628411754550284,0.32365668390976515,0.2822431612442753
17760,22,6,462.43,2,Silver,-0.555227194461042,0.44670524433488773,-0.10619109846674701
17761,33,1,172.36,2,Silver,-0.4055041125939236,-0.5532947556651122,-0.6418613402307584
17762,457,1,117.15,0,Bronze,0.5906323214468823,-0.5532947556651122,-0.8507368919975685
17763,264,4,76.2,0,Bronze,0.3810481513891017,0.17812112660243817,-1.0825694171441937
17764,51,5,1358.81,3,Gold,-0.24275071118739783,0.32365668390976515,0.4802304501551775
17765,159,4,423.75,3,Gold,0.18777572236294193,0.17812112660243817,-0.15367084213472257
17766,382,2,279.16,0,Bronze,0.5221290859067854,-0.22963807175534695,-0.38037394294085763
17767,16,2,383.05,2,Silver,-0.6710172298783336,-0.22963807175534695,-0.20854506163196365
17768,9,6,1944.0900000000001,1,Platinum,-0.8742767467746977,0.44670524433488773,0.675240309985031
17769,13,17,5637.85,1,Platinum,-0.7453895566792464,1.2006081234846424,1.2550847655512818
17770,199,5,711.75,3,Gold,0.2732518543779168,0.32365668390976515,0.12832163418274833
17771,57,4,234.36,2,Silver,-0.200921435633751,0.17812112660243817,-0.47529825691708466
17772,11,3,283.9,2,Silver,-0.8044376617287146,0.0,-0.37123402978224773
17773,515,2,525.34,3,Gold,0.6363068085027636,-0.22963807175534695,-0.03684542553006981
17774,97,9,2638.42,1,Platinum,0.0,0.7314158822675506,0.841533755202335
17776,387,2,277.86,0,Bronze,0.5270974364604317,-0.22963807175534695,-0.3829076995539763
17777,25,3,627.53,2,Silver,-0.5082638284718078,0.0,0.05981768117073063
17778,662,1,72.9,0,Bronze,0.7323263893537192,-0.5532947556651122,-1.1063688520589356
17779,22,3,550.6,2,Silver,-0.555227194461042,0.0,-0.011308631230139808
17780,668,3,319.36,0,Bronze,0.7357773537539475,0.0,-0.3073279039736002
17781,160,1,86.02,0,Bronze,0.19016236221820432,-0.5532947556651122,-1.0173387234515467
17782,383,2,431.34000000000003,3,Gold,0.5231279246933352,-0.22963807175534695,-0.14402200875928398
17783,73,3,313.96,2,Silver,-0.10760091090258887,0.0,-0.3165889447675117
17784,551,1,84.99,0,Bronze,0.6621404917375558,-0.5532947556651122,-1.0238253553807668
17785,54,3,335.38,2,Silver,-0.22126539096246675,0.0,-0.2807449456436119
17786,86,2,251.73,0,Bronze,-0.045606218572792845,-0.22963807175534695,-0.4365072138634873
17787,153,4,1391.21,3,Gold,0.17313491641739467,0.17812112660243817,0.49305852830552904
17788,130,1,16.7,0,Bronze,0.11117383567517708,-0.5532947556651122,-1.8849347430806302
17789,282,2,281.3,0,Bronze,0.40622136862755537,-0.22963807175534695,-0.37622848672663806
17790,27,20,2381.89,1,Platinum,-0.47987643939483643,1.3236566839097652,0.7858330278721567
17791,30,1,106.1,0,Bronze,-0.44088812463316107,-0.5532947556651122,-0.9042295689469091
17792,468,2,307.3,0,Bronze,0.5997235767200496,-0.22963807175534695,-0.3282320711214018
17793,26,1,186.82,2,Silver,-0.4938072276067984,-0.5532947556651122,-0.5982173046811595
17794,687,2,147.3,0,Bronze,0.7465047087262154,-0.22963807175534695,-0.7269189384577461
17795,180,2,302.12,0,Bronze,0.23501522998922034,-0.22963807175534695,-0.3374630682508284
17796,41,7,1165.49,3,Gold,-0.3245612223338783,0.5532947556651121,0.39669134131445066
17797,23,8,1769.92,1,Platinum,-0.5389245444443046,0.6473133678195304,0.6241353670114544
17798,582,1,167.57,0,Bronze,0.6830702579019478,-0.5532947556651122,-0.6571255675377577
17799,23,20,5123.32,1,Platinum,-0.5389245444443046,1.3236566839097652,1.202959321805584
17800,38,9,874.86,3,Gold,-0.3529486114108498,0.7314158822675506,0.2405866758967766
17801,452,3,672.47,3,Gold,0.5864275102069142,0.0,0.0974397562982987
17802,83,10,4080.46,1,Platinum,-0.05904810504946846,0.8074958608438627,1.07899927961127
17803,393,1,171.91,0,Bronze,0.5329756253286786,-0.5532947556651122,-0.6432772839689067
17804,377,3,358.28000000000003,3,Gold,0.5170954463568579,0.0,-0.24486568380236876
17805,74,1,130.47,0,Bronze,-0.10245916312994499,-0.5532947556651122,-0.7925418928857512
17806,12,1,246.77,2,Silver,-0.7737769457562178,-0.5532947556651122,-0.44730512921365956
17807,396,3,387.32,3,Gold,0.5358812356518636,0.0,-0.202521477109188
17808,549,3,159.95,0,Bronze,0.6607500929057378,0.0,-0.6823254623765143
17809,17,8,1344.58,1,Platinum,-0.6491224446677566,0.6473133678195304,0.47449949340831643
17810,669,2,291.61,0,Bronze,0.7363495039090082,-0.22963807175534695,-0.3566871858605971
17811,5,47,6946.09,1,Platinum,-1.0699507790131246,1.983540950905102,1.368748351134382
17812,13,7,715.49,2,Silver,-0.7453895566792464,0.5532947556651121,0.131172754448814
17813,15,5,1222.1200000000001,2,Silver,-0.6942397615052628,0.32365668390976515,0.4225168546308201
17814,376,2,1194.7,3,Gold,0.5160807319685239,-0.22963807175534695,0.41016504442475155
17816,37,6,96.11,2,Silver,-0.36289863726587396,0.44670524433488773,-0.9575733011839556
17817,5,5,495.44,2,Silver,-1.0699507790131246,0.32365668390976515,-0.06870653049553976
17818,738,1,114.28,0,Bronze,0.7738965817337441,-0.5532947556651122,-0.864133511341774
17819,183,8,569.41,3,Gold,0.24131215739218803,0.6473133678195304,0.006958942336115672
17820,375,1,130.64,0,Bronze,0.515063322452488,-0.5532947556651122,-0.7918379138387838
17821,407,1,157.5,0,Bronze,0.5463504563202642,-0.5532947556651122,-0.6906818737809856
17822,421,5,1085.94,3,Gold,0.559274001097281,0.32365668390976515,0.358212257463214
17823,422,2,405.4,0,Bronze,0.560180639289994,-0.22963807175534695,-0.17772971864870263
17824,52,1,65.2,0,Bronze,-0.23545421519469298,-0.5532947556651122,-1.1663118635695962
17825,599,4,359.36,3,Gold,0.694080188723285,0.17812112660243817,-0.24323053646108247
17826,375,1,133.34,0,Bronze,0.515063322452488,-0.5532947556651122,-0.7807773362553329
17827,6,6,1972.82,1,Platinum,-1.0109026739636562,0.44670524433488773,0.6832280923344308
17828,23,3,765.7,2,Silver,-0.5389245444443046,0.0,0.16807115341352072
17829,299,4,2922.32,3,Gold,0.428567071438875,0.17812112660243817,0.8971885041572497
17830,2,3,363.25,2,Silver,-1.3354638962975345,0.0,-0.23738132185054214
17831,34,1,35.400000000000006,0,Bronze,-0.3944003073798616,-0.5532947556651122,-1.4921488644628884
17832,50,1,148.53,0,Bronze,-0.2501888955329656,-0.5532947556651122,-0.722419200276462
17833,724,1,306.81,0,Bronze,0.7665701802494287,-0.5532947556651122,-0.32909860594338647
17834,415,2,300.16,0,Bronze,0.553788640665832,-0.22963807175534695,-0.34099707585557226
17835,3,3,256.08,2,Silver,-1.2252659960740826,0.0,-0.4272102840384741
17836,48,1,110.21000000000001,0,Bronze,-0.2655131172844102,-0.5532947556651122,-0.8837147534366141
17837,43,8,1181.98,3,Gold,-0.3067415229774418,0.6473133678195304,0.40433860365468033
17838,27,12,3623.09,1,Platinum,-0.47987643939483643,0.9408443783721279,1.0142517887866007
17839,43,1,297.15,2,Silver,-0.3067415229774418,-0.5532947556651122,-0.34646933592264295
17840,444,1,165.95,0,Bronze,0.5796023058996479,-0.5532947556651122,-0.662386322605484
17841,2,208,50860.23,1,Platinum,-1.3354638962975345,3.157851876477739,2.453276827508213
17842,603,1,347.09000000000003,0,Bronze,0.696625410430366,-0.5532947556651122,-0.26210292608386165
17843,304,2,278.91,0,Bronze,0.43489869423225624,-0.22963807175534695,-0.38086028948360723
17844,107,1,51.559999999999995,0,Bronze,0.0372190069620216,-0.5532947556651122,-1.292005396107299
17845,556,4,500.95000000000005,3,Gold,0.6655945679602779,0.17812112660243817,-0.06269335482459054
17847,516,2,129.69,0,Bronze,0.6370484436958989,-0.22963807175534695,-0.7957836282720009
17848,149,21,909.53,1,Platinum,0.163053954154465,1.360790616508975,0.2617352068553932
17849,219,7,385.56,3,Gold,0.30976084360635325,0.5532947556651121,-0.20499620281116293
17850,373,155,48140.520000000004,1,Platinum,0.5130203605027174,2.9243853292772295,2.423338141902851
17851,423,6,1326.6,3,Gold,0.5610851366585369,0.44670524433488773,0.46717097573714045
17852,12,5,647.86,2,Silver,-0.7737769457562178,0.32365668390976515,0.07715965972747885
17853,408,3,1185.39,3,Gold,0.5472881665990617,0.0,0.40590668973421923
17854,186,6,650.8,3,Gold,0.24750724321830736,0.44670524433488773,0.07962247813909777
17855,373,1,178.86,0,Bronze,0.5130203605027174,-0.5532947556651122,-0.621808993456199
17856,234,2,80.6,0,Bronze,0.3350263371830528,-0.22963807175534695,-1.0523725797393637
17857,359,1,5.5,0,Bronze,0.4984061564848583,-0.5532947556651122,-2.4306710709797668
17858,6,23,4368.7,1,Platinum,-1.0109026739636562,1.4302461952399896,1.1161745824218114
17859,305,1,113.48,0,Bronze,0.4361525560968124,-0.5532947556651122,-0.867927232663338
17860,369,4,651.2,3,Gold,0.5089014556812056,0.17812112660243817,0.07995669666504936
17861,4,18,3131.87,1,Platinum,-1.1397898640591078,1.2437665043036517,0.9349031197557061
17862,324,4,829.49,3,Gold,0.45922778741137177,0.17812112660243817,0.21160982779447005
17863,60,12,2951.02,1,Platinum,-0.18160367235153863,0.9408443783721279,0.9025108176685402
17864,13,5,746.25,2,Silver,-0.7453895566792464,0.32365668390976515,0.1540726994161805
17865,31,44,13933.79,1,Platinum,-0.42872664422085277,1.9320240057521927,1.7479483774290536
17866,143,3,589.45,3,Gold,0.14741690718547343,0.0,0.025769822799441962
17867,31,10,441.64,2,Silver,-0.42872664422085277,0.8074958608438627,-0.13119553532173842
17868,387,1,207.25,0,Bronze,0.5270974364604317,-0.5532947556651122,-0.541966318342858
17869,108,7,465.36,3,Gold,0.04074948778409843,0.5532947556651121,-0.1027576360899574
17870,3,11,1216.48,1,Platinum,-1.2252659960740826,0.8769514395748774,0.41999899580443456
17871,205,5,726.1800000000001,3,Gold,0.28457448533777435,0.32365668390976515,0.13924075310134273
17872,382,1,119.77000000000001,0,Bronze,0.5221290859067854,-0.5532947556651122,-0.8387883668894227
17873,81,13,1502.23,1,Platinum,-0.06827877959900555,0.9999999999999998,0.5348557800083189
17874,186,6,568.41,3,Gold,0.24750724321830736,0.44670524433488773,0.006003043474914836
17875,689,1,153.9,0,Bronze,0.7476166237525307,-0.5532947556651122,-0.7031980225683927
17877,171,1,130.65,0,Bronze,0.21547847415739543,-0.5532947556651122,-0.7917965316229398
17878,44,2,995.34,2,Silver,-0.2981331953683717,-0.22963807175534695,0.31079868515714215
17879,174,1,49.16,0,Bronze,0.22210205920393347,-0.5532947556651122,-1.3174668607641575
17880,365,3,741.2800000000001,3,Gold,0.5047377792782392,0.0,0.1504372605012901
17881,305,1,133.35,0,Bronze,0.4361525560968124,-0.5532947556651122,-0.7807367857189924
17882,380,2,271.66,0,Bronze,0.5201235606051635,-0.22963807175534695,-0.39515659210520554
17883,4,7,760.42,2,Silver,-1.1397898640591078,0.5532947556651121,0.1643064887557725
17884,4,18,2014.51,1,Platinum,-1.1397898640591078,1.2437665043036517,0.6946147391108732
17885,13,1,153.46,2,Silver,-0.7453895566792464,-0.5532947556651122,-0.7047476843276751
17886,32,6,629.86,2,Silver,-0.4169394232008936,0.44670524433488773,0.06183346650831876
17887,130,1,71.45,0,Bronze,0.11117383567517708,-0.5532947556651122,-1.117164223567586
17888,60,22,1217.09,1,Platinum,-0.18160367235153863,1.3962735958823376,0.4202718793404272
17889,213,7,693.61,3,Gold,0.2991688012708128,0.5532947556651121,0.11427720030738225
17890,323,2,495.57,3,Gold,0.45804734130738944,-0.22963807175534695,-0.06856389164229088
17891,163,1,163.06,0,Bronze,0.19723433768540444,-0.5532947556651122,-0.6718992869696014
17892,58,2,129.6,0,Bronze,-0.19437333673537285,-0.22963807175534695,-0.7961589190076452
17893,226,1,55.81,0,Bronze,0.3217590557952916,-0.5532947556651122,-1.2496452388067212
17894,72,17,2051.68,1,Platinum,-0.11281261657107146,1.2006081234846424,0.7045699742982311
17895,45,1,88.61,0,Bronze,-0.28971407717663195,-0.5532947556651122,-1.0013610135854825
17897,173,9,1180.2,3,Gold,0.21990689871161714,0.7314158822675506,0.4035182754360088
17898,86,4,228.41,2,Silver,-0.045606218572792845,0.17812112660243817,-0.48924750222348445
17899,160,1,90.08,0,Bronze,0.19016236221820432,-0.5532947556651122,-0.9924967858657384
17900,191,2,62.4,0,Bronze,0.25761480740892523,-0.22963807175534695,-1.1898552386564585
17901,30,2,88.23,2,Silver,-0.44088812463316107,-0.22963807175534695,-1.0036761026038812
17902,547,1,87.64,0,Bronze,0.6593546288575206,-0.5532947556651122,-1.0072901929524922
17903,395,1,381.09000000000003,0,Bronze,0.5349151457132943,-0.5532947556651122,-0.21133244681653304
17904,22,1,115.77,2,Silver,-0.555227194461042,-0.5532947556651122,-0.857137366852367
17905,157,12,701.54,3,Gold,0.18295736376746013,0.9408443783721279,0.12046139169789656
17906,248,1,55.95,0,Bronze,0.35719269593041963,-0.5532947556651122,-1.2483043684879167
17907,641,1,80.08000000000001,0,Bronze,0.719997135616181,-0.5532947556651122,-1.0558553013833238
17908,374,5,891.55,3,Gold,0.5140432034538499,0.32365668390976515,0.25087002016933424
17909,738,1,77.4,0,Bronze,0.7738965817337441,-0.5532947556651122,-1.0741665331183787
17910,727,1,196.9,0,Bronze,0.7681519627762583,-0.5532947556651122,-0.5697376070846562
17911,10,1,336.35,2,Silver,-0.8377677575462616,-0.5532947556651122,-0.27917626602438295
17912,311,6,288.54,3,Gold,0.44359074044238017,0.44670524433488773,-0.3624330533430597
17913,59,14,3196.04,1,Platinum,-0.18793529514491986,1.0550725661773155,0.9459489277118596
17914,4,1,215.5,2,Silver,-1.1397898640591078,-0.5532947556651122,-0.5208010738394087
17915,552,1,172.79,0,Bronze,0.6628338031622965,-0.5532947556651122,-0.6405117571842653
17916,629,2,22.99,0,Bronze,0.7127694785952846,-0.22963807175534695,-1.7192833221954664
17917,46,3,318.08,2,Silver,-0.281476029400742,0.0,-0.30950891999404356
17918,501,3,253.23,0,Bronze,0.6257702652194208,0.0,-0.4332834224204736
17919,89,2,257.4,0,Bronze,-0.032620078083961696,-0.22963807175534695,-0.4244202393047123
17920,5,53,11217.98,1,Platinum,-1.0699507790131246,2.07755956305952,1.629850923271452
17921,65,10,2123.41,1,Platinum,-0.1514263059164838,0.8074958608438627,0.7232818704516282
17922,544,1,170.4,0,Bronze,0.6572518543678934,-0.5532947556651122,-0.6480556366513223
17924,40,3,534.9,2,Silver,-0.33379189688341554,0.0,-0.02703935363935514
17926,134,5,795.35,3,Gold,0.12269513897699648,0.32365668390976515,0.18874170341269392
17927,722,1,254.40000000000003,0,Bronze,0.7655120180914482,-0.5532947556651122,-0.43078204200462794
17928,46,3,201.76000000000002,2,Silver,-0.281476029400742,0.0,-0.5565207044699119
17929,12,3,441.2,2,Silver,-0.7737769457562178,0.0,-0.131737331666956
17930,36,11,610.54,2,Silver,-0.37311402818699907,0.8769514395748774,0.04488896503626188
17931,135,14,1846.06,1,Platinum,0.1255221219748964,1.0550725661773155,0.647068265224006
17932,30,3,1216.6200000000001,2,Silver,-0.44088812463316107,0.0,0.4200616368995142
17933,633,1,114.69,0,Bronze,0.7151938819895527,-0.5532947556651122,-0.8621994206071071
17934,59,2,527.3000000000001,2,Silver,-0.18793529514491986,-0.22963807175534695,-0.03482054018053368
17935,139,6,521.74,3,Gold,0.13662592718895825,0.44670524433488773,-0.040584324273705896
17936,6,1,251.78,2,Silver,-1.0109026739636562,-0.5532947556651122,-0.43639944622644966
17937,9,3,418.5,2,Silver,-0.8742767467746977,0.0,-0.160446351316926
17938,421,1,144.29,0,Bronze,0.559274001097281,-0.5532947556651122,-0.7380898486332546
17939,160,1,99.14,0,Bronze,0.19016236221820432,-0.5532947556651122,-0.9408351346023208
17942,8,1,1.9,0,Bronze,-0.9146355619521664,-0.5532947556651122,-2.870355262696528
17944,424,1,60.35,0,Bronze,0.5619875032892562,-0.5532947556651122,-1.2077613181992286
17945,697,3,202.3,0,Bronze,0.7520322859932829,0.0,-0.5550717594335385
17946,234,2,79.78,0,Bronze,0.3350263371830528,-0.22963807175534695,-1.0578747384426455
17947,38,1,63.72,0,Bronze,-0.3529486114108498,-0.5532947556651122,-1.178629356616691
17949,151,2,47.58,0,Bronze,0.16812759730294605,-0.22963807175534695,-1.3349029523432692
17950,73,7,822.0600000000001,3,Gold,-0.10760091090258887,0.5532947556651121,0.20671404083832431
17951,40,4,321.78000000000003,2,Silver,-0.33379189688341554,0.17812112660243817,-0.3032281291867826
17952,379,4,454.26,3,Gold,0.5191168466023309,0.17812112660243817,-0.11588084959548256
17953,541,1,138.17000000000002,0,Bronze,0.6551374729685795,-0.5532947556651122,-0.7615345844484664
17954,6,18,3307.07,1,Platinum,-1.0109026739636562,1.2437665043036517,0.96454734464041
17955,219,4,419.1,3,Gold,0.30976084360635325,0.17812112660243817,-0.15966772872576218
17957,67,1,59.5,0,Bronze,-0.1399909953095136,-0.5532947556651122,-1.2153619298444303
17958,117,2,292.48,0,Bronze,0.07113978054903715,-0.22963807175534695,-0.35506983826925803
17960,172,3,135.08,0,Bronze,0.2176990859275922,0.0,-0.77376658530732
17961,22,97,2400.43,1,Platinum,-0.555227194461042,2.5532947556651124,0.7900552374815125
17962,143,4,535.99,3,Gold,0.14741690718547343,0.17812112660243817,-0.025932425173749534
17963,472,4,468.51,3,Gold,0.6029767126852164,0.17812112660243817,-0.09909035014628592
17964,32,2,316.66,2,Silver,-0.4169394232008936,-0.22963807175534695,-0.31193874522364656
17965,38,29,5676.55,1,Platinum,-0.3529486114108498,1.608367321842428,1.2588108481153024
17966,152,6,372.7,3,Gold,0.1706394388124024,0.44670524433488773,-0.22342802870064152
17967,372,2,193.57,0,Bronze,0.5119947790129729,-0.22963807175534695,-0.5789823810281118
17968,374,4,450.04,3,Gold,0.5140432034538499,0.17812112660243817,-0.12095416327821697
17969,167,19,1717.69,1,Platinum,0.20646501223494154,1.2847106379326625,0.6078265044708039
17970,212,1,260.22,0,Bronze,0.2973746319129746,-0.5532947556651122,-0.41850713391639593
17971,549,1,161.94,0,Bronze,0.6607500929057378,-0.5532947556651122,-0.6756311016960441
17972,242,1,96.54,0,Bronze,0.3478494410839376,-0.5532947556651122,-0.9551663745098947
17973,52,1,301.28000000000003,2,Silver,-0.23545421519469298,-0.5532947556651122,-0.33897483661899197
17974,25,6,1428.31,1,Platinum,-0.5082638284718078,0.44670524433488773,0.5073858137469471
17975,16,24,6012.66,1,Platinum,-0.6710172298783336,1.4628317645351008,1.2901429672782392
17976,373,1,291.14,0,Bronze,0.5130203605027174,-0.5532947556651122,-0.3575629271511937
17977,30,2,719.26,2,Silver,-0.44088812463316107,-0.22963807175534695,0.13403172213712036
17978,366,4,479.6,3,Gold,0.5057829489787685,0.17812112660243817,-0.08637215491524954
17979,36,4,516.4300000000001,2,Silver,-0.37311402818699907,0.17812112660243817,-0.04614646631996391
17980,166,4,382.42,3,Gold,0.20417811315816187,0.17812112660243817,-0.20943945247622914
17981,411,1,119.69999999999999,0,Bronze,0.5500876026221844,-0.5532947556651122,-0.8391042184128679
17982,681,1,127.74000000000001,0,Bronze,0.7431494657478899,-0.5532947556651122,-0.8039733793269765
17983,396,1,116.76,0,Bronze,0.5358812356518636,-0.5532947556651122,-0.8525381119868504
17984,146,5,970.06,3,Gold,0.15531521706095783,0.32365668390976515,0.2967977703816147
17985,23,1,571.35,2,Silver,-0.5389245444443046,-0.5532947556651122,0.008808616467009723
17986,57,1,20.8,0,Bronze,-0.200921435633751,-0.5532947556651122,-1.7714331699206318
17987,186,5,632.89,3,Gold,0.24750724321830736,0.32365668390976515,0.06444374519435386
17988,12,14,374.14,2,Silver,-0.7737769457562178,1.0550725661773155,-0.22133284503933984
17989,380,1,98.25,0,Bronze,0.5201235606051635,-0.5532947556651122,-0.9456985080960776
17990,237,6,1165.0900000000001,3,Gold,0.3398854440853227,0.44670524433488773,0.39650450058511133
17991,226,3,221.65,0,Bronze,0.3217590557952916,0.0,-0.505541629182813
17992,390,1,232.98000000000002,0,Bronze,0.530047806303527,-0.5532947556651122,-0.47850187602139027
17993,618,1,162.84,0,Bronze,0.7060221479629195,-0.5532947556651122,-0.6726303072662211
17994,122,11,1499.91,3,Gold,0.08703643746195228,0.8769514395748774,0.5340143538501813
17995,282,3,369.15000000000003,3,Gold,0.40622136862755537,0.0,-0.2286279214823488
17996,380,3,313.56,0,Bronze,0.5201235606051635,0.0,-0.317281251608952
17997,75,8,812.51,3,Gold,-0.09738551998146396,0.6473133678195304,0.20035602184166776
17998,381,3,179.27,0,Bronze,0.5211276357740323,0.0,-0.6205685617765931
17999,38,3,472.36,2,Silver,-0.3529486114108498,0.0,-0.09464138061573989
18000,565,1,30.29,0,Bronze,0.6717344859119654,-0.5532947556651122,-1.5745572754394683
18001,13,5,578.78,2,Silver,-0.7453895566792464,0.32365668390976515,0.015835155369700076
18002,376,4,184.52,0,Bronze,0.5160807319685239,0.17812112660243817,-0.6049296905299136
18003,377,1,207.95000000000002,0,Bronze,0.5170954463568579,-0.5532947556651122,-0.5401382086400719
18004,363,1,136.22,0,Bronze,0.5026388454918482,-0.5532947556651122,-0.7692217741299677
18005,4,2,171.52,2,Silver,-1.1397898640591078,-0.22963807175534695,-0.64450741916596
18006,24,4,624.44,2,Silver,-0.523287497475313,0.17812112660243817,0.05713282937351842
18007,393,1,198.27,0,Bronze,0.5329756253286786,-0.5532947556651122,-0.565979285323149
18008,71,10,525.57,3,Gold,-0.11809621009893657,0.8074958608438627,-0.03660742128765203
18009,236,8,1812.8500000000001,3,Gold,0.3382725808284183,0.6473133678195304,0.6371841035003896
18010,257,1,125.2,0,Bronze,0.3707936912183536,-0.5532947556651122,-0.8148290887907365
18011,374,2,335.14,0,Bronze,0.5140432034538499,-0.22963807175534695,-0.2811337706266651
18012,724,1,32.65,0,Bronze,0.7665701802494287,-0.5532947556651122,-1.5349441487495545
18013,156,1,119.73,0,Bronze,0.18052526380285028,-0.5532947556651122,-0.8389688310501496
18014,29,1,162.22,2,Silver,-0.4534484124293297,-0.5532947556651122,-0.6746957486918008
18015,5,1,114.99,2,Silver,-1.0699507790131246,-0.5532947556651122,-0.8607885699043366
18016,33,7,1452.91,1,Platinum,-0.4055041125939236,0.5532947556651121,0.5166822387471344
18018,109,4,105.96000000000001,0,Bronze,0.04424772632194325,0.17812112660243817,-0.9049421605203408
18019,52,1,28.5,0,Bronze,-0.23545421519469298,-0.5532947556651122,-1.6066491110101937
18020,544,1,174.53,0,Bronze,0.6572518543678934,-0.5532947556651122,-0.6350845363360077
18021,510,2,133.26,0,Bronze,0.6325769401081748,-0.22963807175534695,-0.7811018492538867
18022,36,5,1346.15,3,Gold,-0.37311402818699907,0.32365668390976515,0.47513475851091114
18024,153,1,84.63,0,Bronze,0.17313491641739467,-0.5532947556651122,-1.026110866539494
18025,380,5,969.7,3,Gold,0.5201235606051635,0.32365668390976515,0.2965957686644881
18026,501,2,93.3,0,Bronze,0.6257702652194208,-0.22963807175534695,-0.9735696551231291
18027,99,1,95.15,0,Bronze,0.0077387370935071715,-0.5532947556651122,-0.9629855896516657
18028,584,1,39.650000000000006,0,Bronze,0.6843820895183133,-0.5532947556651122,-1.4319891974592756
18029,643,1,240.45,0,Bronze,0.7211885967870243,-0.5532947556651122,-0.4613813199229454
18030,5,2,35.45,2,Silver,-1.0699507790131246,-0.22963807175534695,-1.491401059019161
18031,379,1,435.59,0,Bronze,0.5191168466023309,-0.5532947556651122,-0.13869288620896625
18032,335,1,73.5,0,Bronze,0.47197812951935153,-0.5532947556651122,-1.1019636298322102
18033,66,1,71.82,0,Bronze,-0.14566597995919667,-0.5532947556651122,-1.1143891478803303
18034,22,3,629.4,2,Silver,-0.555227194461042,0.0,0.06143609078244243
18035,36,3,190.77,2,Silver,-0.37311402818699907,0.0,-0.5868790524203509
18036,33,11,1232.08,1,Platinum,-0.4055041125939236,0.8769514395748774,0.42693506202082265
18037,155,14,106.62,3,Gold,0.17807762315797018,1.0550725661773155,-0.9015909310228739
18038,557,1,91.53,0,Bronze,0.666281661341985,-0.5532947556651122,-0.9838922231158954
18039,375,4,439.7,3,Gold,0.515063322452488,0.17812112660243817,-0.13358842478406563
18040,20,2,357.20000000000005,2,Silver,-0.5900743396182883,-0.22963807175534695,-0.24650575382245288
18041,12,37,4722.12,1,Platinum,-0.7737769457562178,1.7970612599687639,1.1585446812955376
18042,54,2,179.6,2,Silver,-0.22126539096246675,-0.22963807175534695,-0.6195722130106556
18043,25,3,468.54,2,Silver,-0.5082638284718078,0.0,-0.09905554202017575
18044,5,18,2583.46,1,Platinum,-1.0699507790131246,1.2437665043036517,0.8300702439218656
18045,46,1,157.34,0,Bronze,-0.281476029400742,-0.5532947556651122,-0.6912320833267714
18046,650,1,104.48,0,Bronze,0.7253297663914531,-0.5532947556651122,-0.912532838274574
18047,382,2,223.74,0,Bronze,0.5221290859067854,-0.22963807175534695,-0.5004517054058502
18048,204,3,288.95,0,Bronze,0.28271046970037933,0.0,-0.3616621745663514
18049,438,2,332.47,0,Bronze,0.5744023917830158,-0.22963807175534695,-0.285478269992098
18050,360,2,304.2,0,Bronze,0.4994687215423347,-0.22963807175534695,-0.33373759852828083
18051,635,7,434.24,3,Gold,0.716400353719495,0.5532947556651121,-0.14038002345153847
18053,71,2,497.6,2,Silver,-0.11809621009893657,-0.22963807175534695,-0.06634136246694611
18054,393,1,176.5,0,Bronze,0.5329756253286786,-0.5532947556651122,-0.6290044852644364
18055,8,13,7555.63,1,Platinum,-0.9146355619521664,0.9999999999999998,1.4145653662706612
18056,289,2,417.85,3,Gold,0.41558093095004384,-0.22963807175534695,-0.16129111683990388
18057,394,3,673.22,3,Gold,0.533946613066845,0.0,0.09804610075041952
18058,542,2,103.5,0,Bronze,0.6558435643345881,-0.22963807175534695,-0.9176179371694815
18059,24,3,256.3,2,Silver,-0.523287497475313,0.0,-0.4267442831560334
18060,409,2,924.72,3,Gold,0.5482235869847893,-0.22963807175534695,0.2707485099935419
18061,22,27,2742.4300000000003,1,Platinum,-0.555227194461042,1.553294755665112,0.8625892272460302
18062,174,6,1070.6000000000001,3,Gold,0.22210205920393347,0.44670524433488773,0.35046905391327865
18063,391,1,84.60000000000001,0,Bronze,0.5310262345688197,-0.5532947556651122,-1.0263017593219927
18064,134,8,433.65000000000003,3,Gold,0.12269513897699648,0.6473133678195304,-0.14111900883040732
18065,6,27,4848.04,1,Platinum,-1.0109026739636562,1.553294755665112,1.1728783685674389
18066,76,3,786.0,3,Gold,-0.09237820086701533,0.0,0.18230760293726264
18067,41,1,298.63,2,Silver,-0.3245612223338783,-0.5532947556651122,-0.3437717870112614
18069,27,10,4195.81,1,Platinum,-0.47987643939483643,0.8074958608438627,1.0941821619832828
18070,670,1,314.1,0,Bronze,0.7369208007451024,-0.5532947556651122,-0.3163468450738789
18071,258,6,952.4300000000001,3,Gold,0.37227552849224704,0.44670524433488773,0.28681624515390736
18072,186,1,134.88,0,Bronze,0.24750724321830736,-0.5532947556651122,-0.7745678447255012
18073,115,11,826.1,3,Gold,0.06459168165065898,0.8769514395748774,0.2093815399479943
18074,374,2,676.8900000000001,3,Gold,0.5140432034538499,-0.22963807175534695,0.10100345405937669
18075,24,20,4448.25,1,Platinum,-0.523287497475313,1.3236566839097652,1.1260029906989542
18076,381,1,68.45,0,Bronze,0.5211276357740323,-0.5532947556651122,-1.1402025900820965
18077,9,18,3544.85,1,Platinum,-0.8742767467746977,1.2437665043036517,1.0023618761028923
18078,218,4,477.53000000000003,3,Gold,0.3080157177742967,0.17812112660243817,-0.08872363687059019
18079,46,4,194.76,2,Silver,-0.281476029400742,0.17812112660243817,-0.5756606498623047
18081,37,3,210.3,2,Silver,-0.36289863726587396,0.0,-0.5340454668543709
18082,26,1,478.64,2,Silver,-0.4938072276067984,-0.5532947556651122,-0.08746143531857867
18083,398,1,308.49,0,Bronze,0.5378061364743305,-0.5532947556651122,-0.32613335001475596
18084,384,1,50.25000000000001,0,Bronze,0.5241241657167796,-0.5532947556651122,-1.3057554140564869
18085,331,4,1326.25,3,Gold,0.46739059615387146,0.17812112660243817,0.4670273354831302
18086,275,1,71.1,0,Bronze,0.39662737445314583,-0.5532947556651122,-1.1198023700317148
18087,380,11,1423.74,3,Gold,0.5201235606051635,0.8769514395748774,0.5056411846960631
18088,62,1,140.53,0,Bronze,-0.16924600527292027,-0.5532947556651122,-0.7523738998742578
18089,447,1,213.2,0,Bronze,0.5821760297428034,-0.5532947556651122,-0.5266194955956757
18090,422,1,228.6,0,Bronze,0.560180639289994,-0.5532947556651122,-0.48879649906384826
18091,594,1,151.94,0,Bronze,0.6908746933847075,-0.5532947556651122,-0.7101352350285213
18092,3,7,1052.5,2,Silver,-1.2252659960740826,0.5532947556651121,0.3411888437496651
18093,303,2,326.0,0,Bronze,0.43364071458735604,-0.22963807175534695,-0.2961519255376555
18094,82,11,1960.3200000000002,1,Platinum,-0.06363563841494821,0.8769514395748774,0.6797671099264075
18095,313,4,369.0,3,Gold,0.4460383810872603,0.17812112660243817,-0.22884873193469174
18096,12,6,1401.66,1,Platinum,-0.7737769457562178,0.44670524433488773,0.4971323761857902
18097,8,10,2217.8,1,Platinum,-0.9146355619521664,0.8074958608438627,0.7469645943457314
18098,397,1,446.49,0,Bronze,0.5368448951729259,-0.5532947556651122,-0.12525889545767444
18099,128,1,158.23,0,Bronze,0.1052805739339436,-0.5532947556651122,-0.6881785702760098
18100,551,1,336.01,0,Bronze,0.6621404917375558,-0.5532947556651122,-0.2797255984787609
18101,12,5,537.36,2,Silver,-0.7737769457562178,0.32365668390976515,-0.02454433056141704
18102,2,19,4724.79,1,Platinum,-1.3354638962975345,1.2847106379326625,1.1588525585935294
18103,550,1,27.75,0,Bronze,0.6614459231744579,-0.5532947556651122,-1.6206784574678315
18104,38,1,699.92,2,Silver,-0.3529486114108498,-0.5532947556651122,0.11920373162364246
18105,38,1,103.53,0,Bronze,-0.3529486114108498,-0.5532947556651122,-0.9174615645385804
18106,330,6,1224.43,3,Gold,0.4662350765518357,0.44670524433488773,0.4235447555106408
18107,443,1,148.93,0,Bronze,0.578740540727189,-0.5532947556651122,-0.7209638432893264
18108,255,3,767.46,3,Gold,0.36781270763237706,0.0,0.16932028249094824
18109,2,38,5730.17,1,Platinum,-1.3354638962975345,1.8177958179470048,1.2639316879409075
18110,20,2,344.38,2,Silver,-0.5900743396182883,-0.22963807175534695,-0.26636079149635367
18111,590,1,295.22,0,Bronze,0.6882908423896368,-0.5532947556651122,-0.3500072726394379
18112,13,4,565.99,2,Silver,-0.7453895566792464,0.17812112660243817,0.0036828035083549377
18114,291,1,178.2,0,Bronze,0.41821361799774853,-0.5532947556651122,-0.6238117377545637
18115,698,1,9.700000000000001,0,Bronze,0.7525806818744891,-0.5532947556651122,-2.159131979375693
18116,68,13,1890.56,1,Platinum,-0.13439886011567378,0.9999999999999998,0.6600375881194741
18117,26,1,220.67,2,Silver,-0.4938072276067984,-0.5532947556651122,-0.5079447689124831
18118,11,29,5265.8,1,Platinum,-0.8044376617287146,1.608367321842428,1.2178998816599365
18119,368,1,138.51,0,Bronze,0.5078647718073205,-0.5532947556651122,-0.7602052892484235
18120,215,1,91.25,0,Bronze,0.3027321242464316,-0.5532947556651122,-0.9855432399706534
18121,150,2,354.92,0,Bronze,0.16559917586154602,-0.22963807175534695,-0.2499844238257161
18122,9,6,1658.72,1,Platinum,-0.8742767467746977,0.44670524433488773,0.5888064834807464
18123,25,3,401.45,2,Silver,-0.5082638284718078,0.0,-0.1830505643388402
18124,473,1,102.65,0,Bronze,0.6037856981128283,-0.5532947556651122,-0.922067250906319
18125,30,4,918.29,2,Silver,-0.44088812463316107,0.17812112660243817,0.26695132187997256
18126,61,1,170.92,0,Bronze,-0.17537500734875106,-0.5532947556651122,-0.6464053754935899
18127,20,4,446.24,2,Silver,-0.5900743396182883,0.17812112660243817,-0.12556333154140384
18128,538,1,391.73,0,Bronze,0.6530113558122309,-0.5532947556651122,-0.1963695316883489
18129,244,1,99.80000000000001,0,Bronze,0.35098924929938485,-0.5532947556651122,-0.9372564188469569
18130,16,3,883.2,2,Silver,-0.6710172298783336,0.0,0.24574953096788335
18132,505,1,188.63,0,Bronze,0.628810395920009,-0.5532947556651122,-0.5929924937424408
18134,599,2,390.65000000000003,0,Bronze,0.694080188723285,-0.22963807175534695,-0.19786971947089302
18135,30,8,358.52,2,Silver,-0.44088812463316107,0.6473133678195304,-0.2445018933513116
18136,64,5,1319.29,3,Gold,-0.1572745791724231,0.32365668390976515,0.46416305320686474
18137,552,2,113.34,0,Bronze,0.6628338031622965,-0.22963807175534695,-0.8685938586116534
18138,296,1,139.9,0,Bronze,0.4247172454898426,-0.5532947556651122,-0.7548043043127248
18139,18,6,843.6,2,Silver,-0.628411754550284,0.44670524433488773,0.2207878107252825
18140,474,1,441.76,0,Bronze,0.6045929786173058,-0.5532947556651122,-0.13104786615068384
18141,402,2,799.1600000000001,3,Gold,0.5416271602535235,-0.22963807175534695,0.19134187652394286
18142,216,1,134.4,0,Bronze,0.3045014320460852,-0.5532947556651122,-0.7764956893096313
18143,117,2,934.57,3,Gold,0.07113978054903715,-0.22963807175534695,0.27651450612417516
18144,31,17,1745.24,1,Platinum,-0.42872664422085277,1.2006081234846424,0.6164898252637852
18145,13,11,4124.84,1,Platinum,-0.7453895566792464,0.8769514395748774,1.084890962022528
18146,141,2,94.35000000000001,0,Bronze,0.14205941485201642,-0.22963807175534695,-0.9675372708996741
18147,109,1,30.0,0,Bronze,0.04424772632194325,-0.5532947556651122,-1.5796298788660108
18148,647,1,102.77000000000001,0,Bronze,0.7235604585917994,-0.5532947556651122,-0.9214369052412995
18149,51,7,1017.48,3,Gold,-0.24275071118739783,0.5532947556651121,0.32277179454586236
18150,33,3,526.5,2,Silver,-0.4055041125939236,0.0,-0.03564611515226688
18151,135,5,1422.94,3,Gold,0.1255221219748964,0.32365668390976515,0.5053352037114472
18152,647,1,336.64,0,Bronze,0.7235604585917994,-0.5532947556651122,-0.2787081550835316
18153,660,1,195.82,0,Bronze,0.7311691242511416,-0.5532947556651122,-0.5727187569775065
18154,4,5,593.99,2,Silver,-1.1397898640591078,0.32365668390976515,0.029942612566067565
18155,76,3,331.3,2,Silver,-0.09237820086701533,0.0,-0.28739301168068543
18156,13,2,628.69,2,Silver,-0.7453895566792464,-0.22963807175534695,0.06082218046034767
18157,572,1,166.29,0,Bronze,0.6764428528349905,-0.5532947556651122,-0.6612779934697717
18158,10,2,453.4,2,Silver,-0.8377677575462616,-0.22963807175534695,-0.11691092161044898
18159,302,1,323.05,0,Bronze,0.4323785900267478,-0.5532947556651122,-0.3010888757881266
18160,58,3,942.73,3,Gold,-0.19437333673537285,0.0,0.2812454182377904
18161,16,6,1281.6200000000001,2,Silver,-0.6710172298783336,0.44670524433488773,0.44839366308411105
18162,733,1,338.75,0,Bronze,0.7712960662631781,-0.5532947556651122,-0.27531430085507674
18163,585,1,405.55,0,Bronze,0.685036324446944,-0.5532947556651122,-0.17752868186179244
18164,38,1,355.4,2,Silver,-0.3529486114108498,-0.5532947556651122,-0.24925022401079597
18165,178,1,143.1,0,Bronze,0.23075902556077962,-0.5532947556651122,-0.7425702198175343
18166,624,1,175.5,0,Bronze,0.7097172356922766,-0.5532947556651122,-0.6320823249779604
18167,24,3,1259.46,2,Silver,-0.523287497475313,0.0,0.4388992345013526
18168,177,16,2726.4,1,Platinum,0.22861305660026304,1.1549822427096075,0.8593967364684425
18169,61,1,151.65,0,Bronze,-0.17537500734875106,-0.5532947556651122,-0.7111692030228111
18170,34,9,1902.25,1,Platinum,-0.3944003073798616,0.7314158822675506,0.6633939899901806
18171,59,9,1468.77,1,Platinum,-0.18793529514491986,0.7314158822675506,0.5225927590305124
18172,31,45,8698.91,1,Platinum,-0.42872664422085277,1.9495683515474496,1.491317442548754
18173,87,5,635.1600000000001,3,Gold,-0.04122840569303163,0.32365668390976515,0.06639113820396247
18175,676,1,120.60000000000001,0,Bronze,0.7403308035992826,-0.5532947556651122,-0.8350571625559934
18176,359,1,421.75,0,Bronze,0.4984061564848583,-0.5532947556651122,-0.15624206191766496
18177,32,9,1834.47,1,Platinum,-0.4169394232008936,0.7314158822675506,0.6436391136481452
18178,129,11,5402.88,1,Platinum,0.10823853811198687,0.8769514395748774,1.231897495164081
18179,10,6,1558.32,1,Platinum,-0.8377677575462616,0.44670524433488773,0.5548129484974771
18180,5,6,1306.9,2,Silver,-1.0699507790131246,0.44670524433488773,0.4590265700175592
18181,25,5,1081.14,2,Silver,-0.5082638284718078,0.32365668390976515,0.3558011615760361
18182,464,1,243.3,0,Bronze,0.5964425762960016,-0.5532947556651122,-0.45498860791143086
18183,228,2,511.65000000000003,3,Gold,0.3251192041624723,-0.22963807175534695,-0.05120247912076471
18185,250,1,161.45,0,Bronze,0.3602571479350108,-0.5532947556651122,-0.6772718437599323
18186,723,1,102.9,0,Bronze,0.76604146455804,-0.5532947556651122,-0.920754852824691
18187,632,1,605.44,0,Bronze,0.7145892181582387,-0.5532947556651122,0.040326698402892686
18188,16,6,2141.77,1,Platinum,-0.6710172298783336,0.44670524433488773,0.7279698153662589
18189,78,3,1229.31,3,Gold,-0.08255575351694985,0.0,0.4257098961679037
18190,193,5,535.36,3,Gold,0.26158431917602176,0.32365668390976515,-0.026571935180638617
18191,262,2,206.0,0,Bronze,0.37814620980093494,-0.22963807175534695,-0.5452461366795314
18192,72,1,797.82,2,Silver,-0.11281261657107146,-0.5532947556651122,0.19042879411843472
18193,166,3,832.64,3,Gold,0.20417811315816187,0.0,0.2136722231808947
18194,542,2,317.4,0,Bronze,0.6558435643345881,-0.22963807175534695,-0.3106711460812931
18195,388,1,94.2,0,Bronze,0.5280834201646555,-0.5532947556651122,-0.9683949612057487
18196,96,4,1198.22,3,Gold,-0.003928798108388237,0.17812112660243817,0.4117664453360068
18197,576,1,97.5,0,Bronze,0.6791075902428337,-0.5532947556651122,-0.949830837747018
18198,5,17,1833.52,1,Platinum,-1.0699507790131246,1.2006081234846424,0.6433570761587992
18199,684,1,265.15000000000003,0,Bronze,0.7448307608724954,-0.5532947556651122,-0.4083214016654927
18200,107,1,150.35,0,Bronze,0.0372190069620216,-0.5532947556651122,-0.7158285013866408
18201,723,1,319.98,0,Bronze,0.76604146455804,-0.5532947556651122,-0.30627460514005883
18202,200,3,1182.97,3,Gold,0.2751623543861715,0.0,0.40479431961814566
18203,158,4,359.27,3,Gold,0.185374119150675,0.17812112660243817,-0.24336661144123628
18204,72,3,1485.1000000000001,3,Gold,-0.11281261657107146,0.0,0.528612161461663
18205,37,2,435.16,2,Silver,-0.36289863726587396,-0.22963807175534695,-0.13922970380036528
18206,554,1,236.66,0,Bronze,0.6642166727421638,-0.5532947556651122,-0.4700004044403477
18207,500,1,389.92,0,Bronze,0.6250064475035297,-0.5532947556651122,-0.19888608024860294
18208,566,1,190.08,0,Bronze,0.6724106634178157,-0.5532947556651122,-0.5888427247272127
18209,29,1,139.10000000000002,2,Silver,-0.4534484124293297,-0.5532947556651122,-0.7579062411216806
18210,2,7,2202.87,1,Platinum,-1.3354638962975345,0.5532947556651121,0.7432864816820453
18211,26,5,505.37,2,Silver,-0.4938072276067984,0.32365668390976515,-0.05791723982210681
18212,327,2,382.22,0,Bronze,0.46274745496981445,-0.22963807175534695,-0.2097236934198648
18213,237,1,190.48000000000002,0,Bronze,0.3398854440853227,-0.5532947556651122,-0.587703501852391
18214,536,3,283.78,0,Bronze,0.6515873599061478,0.0,-0.3714635380767023
18215,90,5,1543.41,3,Gold,-0.028387389076971702,0.32365668390976515,0.5495788106498833
18216,32,1,351.35,2,Silver,-0.4169394232008936,-0.5532947556651122,-0.25547630526641135
18217,30,4,452.32,2,Silver,-0.44088812463316107,0.17812112660243817,-0.11820726531172157
18218,212,4,499.4,3,Gold,0.2973746319129746,0.17812112660243817,-0.06437820293630989
18219,3,17,2687.2000000000003,1,Platinum,-1.2252659960740826,1.2006081234846424,0.8515100390625086
18220,583,2,93.35,0,Bronze,0.6837267352821585,-0.22963807175534695,-0.9732808789805533
18221,23,6,1131.9,2,Silver,-0.5389245444443046,0.44670524433488773,0.3807737860218325
18222,93,1,194.55,0,Bronze,-0.015962912116332044,-0.5532947556651122,-0.5762453679059404
18223,5,26,10590.89,1,Platinum,-1.0699507790131246,1.5242648073944076,1.5985162837762867
18224,264,1,158.95000000000002,0,Bronze,0.3810481513891017,-0.5532947556651122,-0.6857207752069944
18225,4,26,7236.84,1,Platinum,-1.1397898640591078,1.5242648073944076,1.3910841486374974
18226,45,26,8205.210000000001,1,Platinum,-0.28971407717663195,1.5242648073944076,1.4594908030850373
18227,218,1,30.0,0,Bronze,0.3080157177742967,-0.5532947556651122,-1.5796298788660108
18228,57,2,744.64,2,Silver,-0.200921435633751,-0.22963807175534695,0.15289767648726374
18229,12,24,4872.49,1,Platinum,-0.7737769457562178,1.4628317645351008,1.1756183561395812
18230,10,9,2989.36,1,Platinum,-0.8377677575462616,0.7314158822675506,0.9095406638174862
18231,193,27,4553.88,1,Platinum,0.26158431917602176,1.553294755665112,1.1387854245285913
18232,82,4,507.89000000000004,3,Gold,-0.06363563841494821,0.17812112660243817,-0.05521283150607835
18234,552,1,179.6,0,Bronze,0.6628338031622965,-0.5532947556651122,-0.6195722130106556
18235,72,3,1158.34,3,Gold,-0.11281261657107146,0.0,0.3933418600892491
18236,30,12,1566.25,1,Platinum,-0.44088812463316107,0.9408443783721279,0.5575764141308935
18237,3,5,781.77,2,Silver,-1.2252659960740826,0.32365668390976515,0.1793716201883134
18238,516,1,270.92,0,Bronze,0.6370484436958989,-0.5532947556651122,-0.3966371261735964
18239,219,6,1472.73,3,Gold,0.30976084360635325,0.44670524433488773,0.5240585752188444
18240,47,1,107.10000000000001,0,Bronze,-0.2734114271598946,-0.5532947556651122,-0.899166556852075
18241,10,21,2552.8,1,Platinum,-0.8377677575462616,1.360790616508975,0.8235688072779603
18242,73,8,1896.02,3,Gold,-0.10760091090258887,0.6473133678195304,0.6616078228793465
18243,415,1,515.78,0,Bronze,0.553788640665832,-0.5532947556651122,-0.04683124903094885
18244,431,1,252.64,0,Bronze,0.5682452415308415,-0.5532947556651122,-0.43454917188753894
18245,8,20,5219.1,1,Platinum,-0.9146355619521664,1.3236566839097652,1.213047882348453
18246,234,1,29.5,0,Bronze,0.3350263371830528,-0.5532947556651122,-1.5884882233148219
18247,415,3,453.43,3,Gold,0.553788640665832,0.0,-0.11687495606042907
18248,123,2,574.58,3,Gold,0.09013810993565893,-0.22963807175534695,0.011874363866089765
18249,18,1,81.66,2,Silver,-0.628411754550284,-0.5532947556651122,-1.0453414003031112
18250,311,1,274.42,0,Bronze,0.44359074044238017,-0.5532947556651122,-0.38966982022041174
18252,51,7,918.77,3,Gold,-0.24275071118739783,0.5532947556651121,0.26723569821618837
18253,643,1,144.72,0,Bronze,0.7211885967870243,-0.5532947556651122,-0.7364799113254155
18254,582,1,237.9,0,Bronze,0.6830702579019478,-0.5532947556651122,-0.4671654036514916
18255,90,2,273.15,0,Bronze,-0.028387389076971702,-0.22963807175534695,-0.39218766864901367
18256,388,1,65.64,0,Bronze,0.5280834201646555,-0.5532947556651122,-1.1627029747425708
18257,40,12,3910.71,1,Platinum,-0.33379189688341554,0.9408443783721279,1.055857106305595
18258,465,4,297.95,3,Gold,0.597265464813531,0.17812112660243817,-0.3450095429065647
18259,25,7,1699.1000000000001,1,Platinum,-0.5082638284718078,0.5532947556651121,0.6019019001484295
18260,173,22,6041.860000000001,1,Platinum,0.21990689871161714,1.3962735958823376,1.292781787694958
18261,44,2,314.29,2,Silver,-0.2981331953683717,-0.22963807175534695,-0.3160184531978184
18262,141,3,491.14,3,Gold,0.14205941485201642,0.0,-0.07344575716090225
18263,26,3,439.28,2,Silver,-0.4938072276067984,0.0,-0.13410785998809827
18264,499,1,453.8,0,Bronze,0.6242411036773017,-0.5532947556651122,-0.11643157606239685
18265,73,2,590.21,2,Silver,-0.10760091090258887,-0.22963807175534695,0.026470582669542515
18266,435,1,251.1,0,Bronze,0.5717757223529184,-0.5532947556651122,-0.4378669158293061
18267,673,1,269.37,0,Bronze,0.7386295966982837,-0.5532947556651122,-0.39975134689984126
18268,592,5,926.59,3,Gold,0.6895849465177739,0.32365668390976515,0.2718478747007091
18269,367,1,108.60000000000001,0,Bronze,0.506825274676598,-0.5532947556651122,-0.8916591870557159
18270,39,3,325.90000000000003,2,Silver,-0.3432505122058779,0.0,-0.2963185492368329
18271,610,2,341.8,0,Bronze,0.7010392554859429,-0.22963807175534695,-0.27044556330008895
18272,3,9,3498.8,1,Platinum,-1.2252659960740826,0.7314158822675506,0.9952405174391898
18273,3,2,102.0,2,Silver,-1.2252659960740826,-0.22963807175534695,-0.9254943564948929
18274,31,1,163.17,2,Silver,-0.42872664422085277,-0.5532947556651122,-0.6715341443435955
18275,579,2,395.40000000000003,0,Bronze,0.6810940482344539,-0.22963807175534695,-0.19130232350714593
18276,44,6,1216.37,3,Gold,-0.2981331953683717,0.44670524433488773,0.4199497727476846
18277,59,5,991.11,3,Gold,-0.18793529514491986,0.32365668390976515,0.3084808931901492
18278,74,2,384.35,2,Silver,-0.10245916312994499,-0.22963807175534695,-0.2067041213974415
18279,520,1,44.2,0,Bronze,0.6400007084645194,-0.5532947556651122,-1.3741893976369437
18280,278,2,424.85,3,Gold,0.40076854405757495,-0.22963807175534695,-0.1522618270105866
18281,181,2,167.24,0,Bronze,0.2371257282074383,-0.22963807175534695,-0.6581930904557062
18282,8,2,113.13000000000001,2,Silver,-0.9146355619521664,-0.22963807175534695,-0.8695953295274209
18283,4,22,2576.5,1,Platinum,-1.1397898640591078,1.3962735958823376,0.8286011722855107
18284,432,1,245.9,0,Bronze,0.5691309169718763,-0.5532947556651122,-0.44922137950361213
18285,661,1,143.1,0,Bronze,0.7317481938362457,-0.5532947556651122,-0.7425702198175343
18286,477,2,1021.09,3,Gold,0.6070046620774018,-0.22963807175534695,0.3246993383814401
18287,59,6,1707.8400000000001,3,Gold,-0.18793529514491986,0.44670524433488773,0.604695351630535
